4090
3945
4075
4082
4052
4064
4108
4176
4105
4033
3924
3860
3968
4089
4019
4129
4128
4124
4074
4165
3975
4362
4006
4151
4151
3969
3862
4168
4001
4154
3913
4036
4001
4252
4102
4096
4277
4010
3838
4050
3929
3995
3994
4167
4132
4092
3880
4117
4212
4091
4116
3869
3975
4008
4145
3996
3943
3997
4088
4298
4005
4084
4115
4059
3997
3954
4084
3946
3851
4070
3824
3935
4076
4093
4144
4059
4085
3989
4037
4122
4095
3943
4095
4017
3917
4140
4093
3895
4047
4068
4095
4154
4074
4027
3946
4195
4140
4192
4129
3968
4120
3993
3972
3969
3957
4097
3992
4013
4109
4144
4084
4016
3926
3984
4095
4318
3947
3975
4098
4004
3789
4266
3885
4041
4060
4210
4153
4100
3911
3972
3835
4142
3992
3997
3954
4068
4024
3977
4028
3893
4133
4060
3980
3964
3933
4095
4286
3974
4304
4019
3982
4039
4194
3864
3956
4122
4218
4027
4183
4203
4200
3913
4088
4090
4005
3904
4157
4098
4008
3962
4059
4041
3943
4015
3897
3976
4095
4073
3900
4052
3974
4108
4220
4070
4035
4069
4023
4046
4071
4063
4060
4052
3971
3742
4072
3997
4195
3967
4035
4250
4099
4150
3976
3929
4144
4013
4041
4122
3969
4155
4033
4034
4274
3947
3916
4032
3991
4088
4043
3875
4137
4126
4261
4089
4012
4214
3996
4042
4020
4204
3916
4112
4209
4125
4124
3922
4168
3973
4097
3939
4062
4221
4124
4133
4058
4111
4082
4100
3886
4036
4267
3943
4014
4190
4000
4271
3963
4086
4185
4016
3871
4178
4105
3997
4204
4001
4101
3957
3986
4036
4093
4054
3881
3941
4172
4124
4048
4112
4273
4000
4255
3849
4071
4016
4040
4100
3935
4014
4040
4004
3928
4053
4050
4078
4056
4204
4117
4060
3921
4159
4028
3903
4035
4080
3858
4142
4104
4095
4005
4089
4099
3998
4077
4019
3976
4058
4214
4118
3942
4149
4030
4136
3993
3995
4018
3967
4127
4139
3961
3923
3918
4217
3896
4152
4144
4096
4040
3959
4051
3884
3889
4189
4240
4008
4185
4147
3956
4105
4019
4018
4159
3988
4219
4056
4180
4223
3986
4020
4163
4278
3866
4075
4148
4269
3993
4114
4227
4024
3955
4204
4031
4189
3995
4121
4049
4138
3853
3963
4155
3977
4139
4226
4043
3960
4034
3973
4007
3978
4226
3980
4213
4094
3850
3825
3876
4030
4000
4040
4133
4192
4064
3926
4162
3982
4027
4054
3946
4048
3862
4185
3975
4194
4030
3891
4168
4000
3963
4079
4081
4110
3958
3952
3919
4151
4101
4067
3989
4118
4110
4055
4193
4084
4058
3821
3997
3987
3958
4205
3963
3879
4051
4068
3996
4070
3821
3966
4065
4113
4032
4048
4100
4079
3961
4024
3946
3974
4121
4193
4105
4123
3857
4322
4031
4242
3959
4105
3939
4104
4004
4102
4121
4176
4287
4043
4224
4075
4124
4021
4404
4070
4109
4096
3986
3979
3996
4041
3989
4000
4159
3989
4013
3937
4092
4178
3964
3997
4113
4187
4028
4137
3884
3891
4121
4197
4022
4109
4248
3883
3886
4329
4138
4049
4075
4180
3946
3928
4204
3914
4061
4008
3988
4197
4013
3882
3732
3911
4011
4142
4072
4021
4151
4016
4163
4267
3913
4117
4073
3958
4000
4054
3970
4150
4050
4317
4016
4070
3937
3985
4046
3940
4217
3940
4019
4150
3979
3954
4210
4305
4143
4110
4176
4132
4158
4257
4023
4053
3987
3942
4031
4155
3752
3825
4020
4099
4137
3966
4124
4097
4013
4095
4095
4026
4027
3921
4034
4132
3971
3865
4042
3912
3857
4249
4187
4159
3952
4109
4034
3881
3899
4106
4000
4115
4026
4181
3931
4013
4107
4209
4003
4211
4093
3974
3823
3985
3950
4031
4162
4067
4209
4180
4079
4147
4085
4183
3892
4166
4062
4008
4197
3935
4028
4194
4072
4227
4028
4045
3901
3874
3837
4190
4079
4139
4117
4187
3910
4067
3965
4176
3954
4159
4022
4071
4145
4158
4153
4001
4039
3945
3981
4075
4107
4034
4129
4034
3942
3993
4144
3852
3844
4043
4269
4151
4043
3978
4042
3981
3925
4161
4000
3864
4190
3937
3845
3942
4253
4064
3916
4098
4174
4103
4018
4064
4008
4024
4187
3925
4112
4203
3993
4199
3927
4192
3954
4005
4118
4142
3969
4058
3997
3905
4028
3963
4172
3993
4081
4128
4087
4093
4081
3969
4111
4130
4018
3973
3933
3864
4050
4089
3820
4079
4102
3907
4206
4101
3895
4077
3732
4095
4098
3932
3959
3964
4046
4031
4276
3931
4146
3942
3887
4023
4078
3980
4158
3986
4194
4035
4161
4000
3927
4127
4016
4139
4091
4194
4101
3804
3907
3989
4061
4012
4187
4085
3909
4076
3970
4057
4175
3829
4061
4034
4021
4101
3971
4026
4067
3925
4244
3905
4101
4083
4198
4111
3958
4049
3911
4149
4092
4129
4105
3935
4236
4030
4097
4070
3895
4138
4109
4171
3814
4124
4111
3956
3952
4170
4045
4075
3978
3938
3682
4154
4010
3979
3782
4024
4252
3853
3945
4012
3886
4017
4137
4241
4137
4223
3993
4275
4100
4075
4086
4252
4216
3982
4108
4101
3969
3967
4006
4077
4197
3986
3808
4009
4117
3702
4084
4053
4257
3816
4054
4039
4119
4167
4140
4080
4040
4195
4110
4100
3970
4106
4122
3994
3903
4173
3956
4228
4032
4206
4135
3967
3887
3937
4205
3891
4231
4148
4169
4218
4316
3935
4058
4047
3912
4173
4002
3968
4175
4148
4295
3917
3990
3946
3954
3899
3971
3933
4063
3951
4070
4323
3857
4104
4193
4037
4048
4165
4155
4132
4066
4100
3860
4022
3977
3947
4093
4113
4125
4140
4097
3956
4216
4229
4303
4177
4011
4080
4123
4018
4185
3973
4137
3915
4146
3853
4085
4051
4016
4077
4094
4171
4116
3972
3951
4059
4028
4042
3936
4157
4077
4119
4100
4039
3970
4005
3898
4167
4141
4224
4088
4145
4009
4052
4229
3972
4118
4111
4036
3977
4099
4125
4019
4065
4124
4166
4033
4180
3969
4053
3867
4074
4071
4000
4059
3912
4077
3977
4134
4049
4068
4149
3822
4002
4063
4052
3982
4272
4057
4014
4011
4200
3919
4139
4185
4114
4217
3960
4437
3990
4060
4058
4135
4010
4156
3894
4151
4038
3918
4055
4128
4233
3980
3998
4109
4022
4140
4189
4039
3997
4116
3819
4031
4004
4141
4004
4081
4000
4105
4268
4200
4010
4183
4047
3961
4126
4076
4066
4081
4116
3839
4031
4029
4105
3917
4110
4053
3993
4122
4002
4147
4109
4128
3911
3859
4050
4006
3957
4081
3993
3993
4073
4056
4207
4124
4025
3994
3939
4284
4026
4112
3991
3993
4109
4042
4369
4089
4284
4085
3921
4030
4186
4055
4118
4145
4033
4014
4085
4139
4088
3880
4013
3927
4103
4100
3891
4076
3981
3899
3953
4034
3893
3861
4100
4133
4067
3916
4032
4220
3948
4046
3947
4221
4012
4085
4041
4017
3970
4064
4171
4199
4147
4079
4224
4162
3836
4183
3956
3965
4068
3914
4071
4104
3873
3870
4007
4076
3946
3971
3948
3850
4097
3957
3945
4099
4014
3995
4132
3933
3948
4158
4135
4059
3954
4008
4084
4098
3993
4005
4143
4002
4173
3916
3888
3922
4137
3951
3787
4159
4018
4068
4033
4057
3958
4033
4120
4017
4024
4377
4126
4049
4242
4082
4190
3991
4199
4018
3907
4007
3938
3992
4039
4039
4040
3953
4059
4328
4055
4051
3865
4174
4131
3756
3898
3993
3840
4043
4135
3987
4076
4111
3949
4133
4032
3980
4099
4104
4312
4101
3906
4035
3948
4061
4081
4031
4007
4162
4152
3982
4035
4093
4252
3932
4126
4084
4019
3957
4040
4013
4075
3841
3931
3954
4154
3974
4158
3943
4207
4087
4066
4003
4292
4064
3933
3983
4057
4149
4082
4207
4003
4164
3973
4172
4044
4005
3927
4080
4041
3976
4413
3971
4249
3922
3973
4118
4083
4039
4111
3862
4036
4110
4082
4103
4031
4095
3958
3996
3989
3949
3987
3992
3899
4141
3996
3925
4086
4083
4021
4141
4016
3997
4058
3885
4015
3987
4000
4094
3975
4125
4071
4052
4061
3945
3990
3914
4100
4283
3982
3938
4111
4135
4097
4209
4063
3966
4007
3989
4032
3962
4147
4296
4094
4213
4014
4023
4055
4072
4130
4029
3920
3890
4073
4055
3970
4099
4105
3977
4163
3801
3983
3934
4220
4044
4061
4064
4248
4030
4083
4249
4007
4200
3978
3881
3931
3988
3925
4166
4038
4269
4138
4114
4142
4001
4037
3873
4175
4280
4089
3939
3950
3938
4086
3989
3975
4249
4098
4014
4126
4015
3933
4207
4118
4060
4147
4097
3926
3958
4037
3947
4047
4038
3918
4140
4149
4154
4022
4001
4065
4086
3925
4104
4048
4041
4262
4180
3920
4014
4011
4030
4002
3852
3926
4114
3939
4121
4223
3903
4201
3975
4274
4003
4138
3863
4184
3934
3882
4007
4248
4152
4009
4046
4156
4157
4099
3994
4010
4261
3900
3980
4120
4171
4040
4005
3896
4295
4027
4055
3935
4190
4196
4169
4008
4064
4123
3974
4034
4125
3966
4123
4059
4077
4128
3955
3920
4102
4107
4022
3917
4043
4078
4023
3937
3948
4364
4025
3992
4228
4108
3919
4063
3841
4097
3857
4120
4037
4016
3842
3966
4141
4046
3916
4220
3909
4118
4028
4063
3967
4001
3956
4045
4029
3948
3997
4140
3976
4253
4207
3837
3965
4132
4138
4126
4042
4102
4168
4222
3965
4218
4165
3895
4052
4118
4006
3746
3901
4067
4019
3968
3964
4024
3843
4068
4057
3982
4268
4096
4112
3843
3952
4032
4061
4020
3872
4033
3870
4185
4032
4193
4135
4288
4279
4054
4142
3929
3962
3775
4160
4139
3955
3954
4073
3895
4069
3946
4107
4046
3955
4021
4157
4168
4071
4181
4223
4129
4010
3984
3965
4080
4104
4061
4121
3921
4032
3965
3978
4084
4293
4076
4092
4145
3856
3827
4031
4257
3938
4016
4215
4126
4040
4106
3805
3990
4007
4065
4056
3941
4079
4077
4123
3939
3916
4052
4182
4041
4030
4056
4034
3936
4141
4168
4096
4141
4086
3916
4093
4032
4005
3965
4069
4001
4090
4156
4052
4077
4202
3992
4142
4148
4068
3906
4008
3797
4080
4076
3979
4064
4086
4107
4099
4098
4286
3907
4174
4228
4042
3850
4114
4175
4044
4064
4038
4121
4017
4343
3961
4034
4010
4040
4041
4017
3995
4055
4043
4086
4075
3888
4147
4126
4127
4329
3965
4003
4002
4008
3971
4044
3890
4215
3962
4067
3734
3988
4048
3976
3923
3962
4165
4057
4216
4259
4113
4065
3819
4105
3911
3855
4216
3843
4142
4056
3942
4190
4041
3889
4051
4145
4175
4160
4076
4099
4110
3918
3889
4000
4140
4055
3957
4123
4032
4094
4081
4034
4208
4166
4168
4057
3947
4027
3929
3900
4074
4009
4140
4059
3952
4157
4117
4040
4084
4270
3983
4068
4090
4114
4076
4118
3999
4007
3963
4089
4223
4178
4106
4130
3959
3979
3989
3975
4026
3986
3890
4254
3915
3936
4082
4196
3806
4125
4100
3882
4044
4202
4071
4178
4003
3934
4016
4079
4170
4294
4113
4085
4009
3905
3949
4043
3947
4082
4057
4020
4152
3942
4191
4018
4003
4067
3978
3927
3958
4041
4121
3903
4005
4203
4278
4100
3914
4038
3910
4114
3891
3980
4209
3930
3942
4073
3982
3972
3975
3975
3908
4094
4172
4087
4014
4071
3962
4025
3952
3938
3872
4083
3958
4019
3952
3874
4019
4124
4063
4049
4178
4007
4015
4075
3943
3889
4009
3956
3951
3956
3992
4135
4089
3953
4067
4014
4027
4101
3924
3790
4037
3859
3854
3969
4337
3981
3901
4032
4168
3991
4061
4288
3903
3793
4086
4269
4122
4017
4084
4175
4022
4011
3916
3908
3805
3927
4078
4077
4005
3965
4062
4097
3958
4027
4019
4056
3967
4066
4138
4069
4051
3987
4175
4091
4074
4031
4043
3967
4076
3939
3854
4002
4128
4032
3932
4194
4202
4208
4072
3981
3959
4021
4112
3982
4155
3939
4210
4059
4128
3976
4096
4232
4081
3936
4047
4127
4079
4134
3901
3908
4003
4121
4121
4239
3979
3965
4065
4054
4068
4231
4022
3972
4051
4114
4251
4217
4037
3934
4035
4073
4095
3949
3992
3872
4032
4133
4065
4074
4088
4153
4002
4114
4203
4156
3992
3878
4230
3978
3963
4266
3907
4085
3857
4043
3964
4051
4015
4010
3827
3978
4046
3796
4143
4055
3927
3881
4082
3933
3932
4242
4019
3913
4020
4131
4055
4107
4054
3820
4029
4156
4071
4000
3958
4133
4127
3952
3955
4094
4126
3996
4022
4221
4160
3954
4074
4058
4019
4151
4133
3976
4039
3975
4005
4091
4067
4194
3926
4054
4060
4061
3977
4156
3982
3957
4133
4203
4125
3791
3896
4105
3976
3887
3858
4118
3990
4076
4171
4096
4126
4129
4241
4202
4064
4080
4011
4012
4114
4174
4084
3962
4085
3974
3953
3971
4221
4094
3988
4158
4254
4054
4172
4036
4100
3959
3887
4119
4303
3890
4058
4017
4014
4047
4090
4196
4012
4139
4005
4169
4090
4058
4023
3985
3926
4012
4044
4055
4036
4082
4175
4131
4038
4108
4148
4224
4211
4050
4059
4103
3981
3924
4088
4175
3956
4109
4170
4052
3985
4098
4023
3956
4059
3947
3998
4096
4139
3984
4154
4038
4172
4117
4035
4012
4161
4123
3935
4163
4035
4029
4159
4105
3992
4006
4106
4066
4022
3942
4090
3959
4154
3907
3939
4128
4121
4082
4196
4053
4155
4075
3933
4175
4257
4143
4161
4025
4170
4072
4051
4113
4045
3852
3926
4071
3985
4209
3980
3978
4113
3991
4133
4121
3988
3954
4105
4002
4003
4173
4107
3861
4161
4077
3906
4138
4082
4031
4029
4065
3942
3955
3874
3940
3984
3877
4185
3972
4050
4046
4012
3959
4035
4110
3993
3979
4191
4088
4059
3978
4263
4307
4073
3920
4121
4004
4073
4111
3905
4315
4188
3970
4026
4053
3911
4209
4142
3926
3870
3978
4082
4275
3932
4122
4248
4021
4114
4128
4087
4045
4063
4065
4051
4059
3986
3978
3858
4008
4050
4172
3829
4163
4067
3831
4058
3958
4187
3946
4024
3965
3818
4258
4098
3972
4017
4047
4223
3934
4414
3999
4160
4078
4153
3945
4218
4104
3962
4007
4181
4438
4069
4092
3794
4031
3969
4115
3993
4015
4024
3882
4164
4111
3996
4021
4095
4089
3921
4088
4120
4028
4117
3851
4123
3970
3939
4037
4152
3923
3886
4130
4060
4061
4114
4044
3924
3908
4190
4110
3928
4113
4048
4073
3830
4085
4011
4117
4064
3995
3998
3921
3973
4183
4186
3963
4198
3996
4150
4098
4066
3970
3958
3986
4092
3734
4080
4280
3878
3983
4184
4016
4023
3820
4117
4222
3994
3846
4179
3919
3991
4146
4030
3952
4093
3933
3948
4175
4035
4012
4010
4045
4035
3875
3777
3813
3986
4116
3910
4033
4010
4006
3990
4134
4050
4175
4170
4040
4196
3996
3871
4099
3860
4094
4119
4052
4076
4129
4017
4149
4140
4043
4021
4027
4177
4077
4080
3908
3962
4081
3887
4280
3783
3996
4025
4026
3990
4079
4160
4040
3968
4203
4184
4188
3930
3997
3993
4027
4038
4040
4095
4044
4016
3970
4024
4105
4063
3889
4020
3933
4036
4100
3949
4028
3994
4054
4043
4159
3971
4031
4132
4117
4133
3966
4143
3993
4146
4140
4138
4087
4039
4083
4058
4014
4149
4049
3978
3952
4149
3970
3952
3801
4168
3915
4104
3951
4166
4059
3901
4032
4059
4070
4091
3944
4141
3999
3980
4248
4078
4054
4104
4082
4135
3869
3987
3962
4169
4231
4123
3977
3820
4022
4201
4092
3941
4121
4001
4129
4090
4119
4080
4014
4011
4128
4191
4107
3829
4232
3996
4022
4131
3950
4115
4026
4009
3968
4029
4000
4162
3925
3956
4078
4235
4065
3940
4078
4130
4134
4184
3851
3959
4125
4084
4333
4080
4075
4208
4145
4035
4189
4056
4026
3690
3939
4026
4006
4111
4154
4078
3943
4001
4119
3932
4075
3998
4034
3903
3971
4007
4096
3855
3939
4016
4056
4017
4105
3968
4132
4113
4083
3934
3981
4260
3964
4063
4031
4076
4049
4120
4148
4059
3846
4167
4023
4130
4014
4043
4110
3820
4177
4096
4007
3928
4169
4027
3970
3897
4167
3984
3884
4322
4045
4072
4156
4138
4158
3932
4011
3896
4181
3941
4042
4032
4111
4021
4147
4023
4137
4092
3881
4058
4158
4190
3923
4072
4068
4166
4027
4010
4002
4040
4092
4048
4062
4015
4045
4221
4030
4081
4044
3971
4161
4034
3972
3983
4230
4257
3989
4220
3928
4159
4234
4103
4148
4092
3972
3987
4122
4190
4058
4150
3972
4013
4096
4015
3858
4068
4019
4012
3915
4143
4073
4135
4019
3956
4202
4082
4201
4068
4112
4047
3914
4264
4059
4152
3967
4100
4212
4011
3976
4141
4162
4223
3856
4041
4188
4005
3897
3958
4131
4250
3837
3912
4053
3999
4027
4015
4002
3941
4084
4052
4137
4150
3937
4109
4193
4067
4080
3937
4062
4050
3958
4076
4030
4135
4067
4038
3931
3957
3924
4074
4037
4054
4105
4001
4221
3774
4039
3991
3936
3854
4111
3999
4015
4097
4035
4026
4117
3922
4036
3952
3936
4107
4062
4116
3976
4079
4051
4154
4216
4184
4122
4040
4006
4151
3788
4021
4210
4130
3979
4127
4057
3994
4171
4121
3798
3966
4242
4017
3978
3990
3843
4168
3902
4149
3909
4147
4160
3968
3939
4112
3922
3950
3877
4050
3968
4167
4089
4047
3960
4168
4134
4087
4150
4151
4040
4009
4039
3997
4007
4073
3990
4031
4328
4062
4158
3781
4017
4015
4030
3802
4081
4038
3995
4147
4209
3957
3985
4050
3977
4037
3838
3909
4279
4092
3999
4176
3743
4018
3988
3957
4034
3895
4202
4026
3988
4082
3948
4160
4113
3925
4050
3969
4171
4072
3988
4035
4207
4022
3992
3984
4012
4013
4132
4101
4109
4060
4250
3973
4172
3841
4160
3932
3941
4187
4100
4251
3987
4139
4066
3992
4357
4000
4113
4072
4198
4050
4131
3946
3950
3980
3956
3874
3954
4159
4103
4064
3954
3984
4038
4021
3955
3914
4040
4011
4001
3986
4256
3976
4096
3962
3954
4120
4068
4144
4161
3987
4183
4084
3901
3994
4113
3998
3963
4065
3870
4139
4030
4103
3932
4223
3901
3921
4360
3963
4057
4104
3868
4100
4185
4182
4139
3915
4211
4033
3749
4283
3879
4190
4188
4085
4136
4141
3966
4002
3975
3971
4067
4241
4022
3925
3907
4172
4021
3939
3896
4123
3972
3942
4167
4141
4115
4021
3968
4016
3939
3793
3948
4142
4162
4066
4052
4094
4062
4050
4255
4000
4045
4041
4012
4022
3985
4109
4174
4142
4101
4152
3885
4235
4000
4051
4053
4100
4036
4066
3963
4022
4217
4026
4140
4180
4169
3885
4030
4101
3972
3945
3928
4057
3974
4095
4031
3916
4180
4102
4098
4081
4253
3990
3907
4048
4285
4099
4257
4048
3936
3902
3962
4139
4051
3939
3917
4022
4084
4005
4031
4256
4144
4009
3802
3964
4109
3909
4084
3945
4073
4105
4112
3969
4086
3947
3966
4201
4091
4183
3865
3999
4162
3941
4022
4137
4039
3982
4232
4232
4152
4030
4120
3958
3961
4192
4020
4109
3984
3892
4018
4044
3986
4055
4168
3962
3930
4019
3967
4046
4049
4077
4067
4166
4041
4099
4022
3947
4098
3939
4087
4180
4063
3790
4033
4162
3955
4195
4038
4012
4048
4006
4051
4113
4206
4145
4148
4108
4070
4220
4085
4194
3917
4164
4171
4211
4101
3970
4206
3997
3926
3930
4062
4098
4123
4049
4231
4042
4231
4073
4028
4050
4026
4056
4070
3860
4085
4044
4047
3968
4156
3965
4198
3937
4077
4002
3913
4163
4114
4081
3987
4153
3974
4178
3999
4372
4192
4126
3904
3943
4143
4140
3993
4044
4068
4068
4029
4175
3965
4056
4090
3905
3936
4248
3962
4186
3983
4040
4109
3805
4120
4070
4188
4038
4088
4071
4084
4132
3935
4000
4292
4018
3937
4024
3966
3913
4179
4040
4317
4007
3999
3960
4059
4003
4093
4131
4150
3996
4109
4084
4300
4134
4099
4013
4068
3999
4127
4047
3869
3989
3953
4127
4011
4093
4106
3950
4118
4060
3963
4074
4000
4074
4148
4110
4003
4033
4290
4085
4248
4180
4150
4103
3961
4099
4003
4011
4173
4131
3931
4002
3823
4170
4096
4028
4048
3801
4038
3834
4196
3847
4077
4152
4012
3980
4115
3977
3974
4026
3997
3991
3982
4052
3968
4039
4114
4034
3954
4261
3845
3959
4010
4040
4152
4014
3919
4065
4045
4124
3989
3766
3983
3837
4134
4071
4088
3974
4072
4031
4085
4046
4085
4166
4028
4163
4093
4093
3965
4018
4119
4010
3981
4027
4074
4249
3812
4046
4048
4236
3939
4062
4003
3997
4023
3982
3978
4119
4146
4201
3838
4041
4121
4022
4181
4081
3837
3950
4235
4099
4068
4060
4243
4036
4197
4168
4016
4092
4054
4030
3992
4127
3957
3952
3864
3891
3944
4185
3890
4084
3893
4080
4177
4047
4097
3980
3986
4032
3978
4250
4099
4128
4040
4013
4040
3986
4177
4148
4135
3937
4027
3947
4082
3922
4034
4049
4013
4037
3960
4208
4096
3925
4212
3974
4083
4184
4041
4015
4032
4086
4240
4094
3948
4041
3919
4142
4080
4068
4139
4083
4135
4023
4008
3933
4131
4165
4003
3990
4059
4001
4027
3953
3960
4139
4206
4151
3920
3971
3923
4061
3894
4116
4124
3896
3849
3872
4087
4095
3936
4167
4219
3797
4033
3958
4003
4260
3914
4028
4225
4058
4007
3891
3920
4332
4057
4028
4030
4103
3941
4198
4067
4002
4218
3871
4084
4179
4006
4033
4202
4050
3972
4113
4124
4198
4097
4094
4130
3891
4016
4192
4066
4087
3836
3977
4040
4101
4004
4288
4045
4055
4050
4180
4099
3929
3897
4012
4115
4106
4000
3926
3815
3984
4068
4041
4001
4223
4157
4099
3916
4108
4023
4326
3995
3993
4231
4060
4078
3926
4097
3913
4073
4111
4158
3957
4075
3995
4147
4083
4347
4065
3972
3974
4136
4197
4035
3927
4048
4050
4209
4090
4174
3974
4071
4048
4053
3951
4093
4117
4056
4079
4122
4059
4020
4207
3879
4083
3934
3892
3945
4056
4073
3973
4272
4171
4010
4124
4109
4091
3923
3973
3969
4082
4145
3988
4011
3964
4105
4032
3786
4071
4087
4142
4106
3871
4126
4078
4122
4060
4015
4001
4170
3831
3836
4207
4147
4122
4059
4063
3956
4148
4143
4204
4058
3948
4212
4146
4049
3952
4109
4011
3953
4201
4115
4130
3938
3941
4072
4005
4022
4070
4206
3897
4092
4104
3930
4086
3988
3922
4032
4010
4129
4066
3866
4251
3978
4095
3870
4045
4087
4351
4258
4047
4100
4084
4149
3847
4086
3974
3926
4109
3963
4054
4011
4182
4019
4143
4201
3979
3935
4257
4068
4031
4213
4172
4080
3961
4149
4017
3987
4103
3921
4229
4148
4144
3944
4181
4231
4077
4095
4268
3955
4044
4177
3988
4000
4109
4055
4029
4083
3885
3808
3975
4129
4053
3983
4005
3897
4014
4231
3983
3870
3999
3994
4109
4197
3933
4091
4176
3946
4094
4122
3967
4131
4132
4229
4269
4083
3949
3929
3976
3998
4070
4102
4147
3836
4024
4019
3934
3982
4221
4189
4084
4208
4037
4014
3794
4197
4072
3968
4095
4116
4073
4039
4055
4078
3920
4025
4061
4049
4017
3936
3904
4177
4215
3902
4366
3989
3856
4160
4084
3909
4071
4057
3849
4185
4066
4175
3955
3979
4136
3996
4005
4082
3951
4060
3984
4210
4137
3800
3966
4065
3903
4008
4047
3979
3856
4031
3879
4256
4138
3973
4161
3980
4076
4023
4070
4003
4227
4083
4151
4011
4051
4107
4176
3934
4128
4106
4097
3794
4163
4230
3936
4060
4231
4198
4089
4054
4056
3931
4011
3938
4023
3951
4008
3975
3940
4071
4047
4105
4045
4038
4057
3870
3881
4118
3945
4093
4126
3986
3979
3990
3952
4050
4068
4031
3849
3927
4019
4239
3900
4050
4200
3951
3967
4072
4024
3954
3962
4039
4094
3949
4162
3853
3979
4041
4007
3975
4042
4146
4019
4114
4014
4116
4048
3977
4396
4022
4159
3991
3981
4107
3959
4114
4222
3982
3964
4129
4176
3956
3992
4136
4160
4141
4214
3932
4145
4107
4013
4157
4051
4027
4093
3902
3953
4053
3915
4130
4034
4003
4069
4078
4016
4016
4112
4120
4017
4010
4141
4072
4169
4085
3966
4147
4099
4063
3955
3958
4066
4016
4084
3968
4006
4040
4098
4087
4245
4146
4187
3975
4094
4008
3962
3946
4184
4112
4171
3991
4330
4017
3857
4066
4229
4117
3961
4001
4138
4144
4105
4057
4059
4199
4082
4101
3908
4235
4108
3940
3826
4184
4165
4141
4248
4076
4011
4128
3907
3856
4114
4097
4103
3985
4172
4016
4010
3934
3983
4056
4406
3999
3986
3939
3890
3951
3879
3999
4048
4235
4019
4086
4086
4074
4051
4099
4071
4202
4211
3983
4110
4000
3971
4013
4043
4142
4042
3936
4160
4036
4189
4076
3991
4061
3709
4104
4040
4191
4102
4221
3988
3932
3958
4104
3954
3993
3905
3951
4092
4116
3911
4176
4027
4074
3967
4060
3996
4102
3855
4341
3824
3823
3963
3890
4119
3975
4119
4156
4013
4139
4117
4045
4058
3896
4085
3967
4071
4124
4026
4260
3847
4178
4035
4216
4208
3925
4094
4172
4013
4184
4044
4169
4014
4095
4224
4147
4080
3902
4075
4140
4094
4243
4164
3910
4116
4055
4025
3957
4101
4112
4015
4176
3793
4085
3957
3767
4114
4049
4094
4032
3895
4021
4137
3865
4108
4077
4078
4034
4137
4169
4093
3967
4241
4186
4018
4275
4153
3916
4190
3930
4035
3950
4013
4107
4071
4140
4190
4208
3955
3908
3778
4120
4091
3969
4059
4078
3983
4071
4036
4129
4179
4099
4153
3923
3962
4060
3996
3875
4088
4136
4053
4096
4074
3898
4121
3777
4060
3981
4238
4189
4275
4056
4073
4006
4131
3983
3985
3989
4252
3988
4128
4004
4044
4053
4059
4209
4141
4182
3907
4124
4172
4056
3986
3885
4100
4026
4142
4137
3969
3983
3975
4103
4042
4127
3939
4103
3893
4068
4063
4024
4055
4100
3926
4010
4069
3997
4162
3921
3966
4070
4270
4084
4058
4151
4085
3947
4004
4050
4024
4003
4145
4126
4180
4251
4158
4120
3922
3899
4108
4109
4169
4137
3901
3994
4041
3915
3932
3940
4154
4092
3895
4022
4266
4015
3995
4096
3880
4069
3970
4193
4123
4181
4163
3914
3959
4025
4215
4117
3977
3967
3978
4065
4184
4113
4247
3944
4093
3995
3975
3911
3800
3990
4026
4161
4016
4290
4241
3948
3883
3939
4111
3900
4065
4025
3936
4132
3879
4206
4136
4029
4079
4027
4015
4038
3920
4144
4157
4111
3968
4113
4064
4024
4092
4004
4016
4032
4103
4309
4135
4395
3981
3993
4128
3846
4179
3970
4111
3945
4052
4085
4029
4049
3973
4170
4063
3933
4203
3975
4026
4015
3865
3775
3927
3789
4114
4080
4110
4036
4111
4103
3816
4014
4143
3826
4012
4217
4196
3840
3988
3983
4075
4117
4030
3918
4058
4067
4141
4145
3986
4032
4007
4077
4248
4155
4039
3990
3948
4122
3983
4102
3967
4061
3972
3978
4056
3975
4144
3987
4054
3941
4064
3866
3953
4098
4151
4063
4095
4036
4034
4138
3928
4031
3931
4033
4129
4116
3910
4055
4347
3993
4083
4105
4123
4230
3983
4192
4010
4041
4074
3984
3957
4055
4065
3987
4155
4040
3882
4080
4082
4019
3991
4150
4034
4160
4069
4007
4127
3972
4150
3913
4166
4109
4001
4022
4176
4138
4290
4093
4059
3884
4095
4132
4054
3959
4181
4069
4106
4322
4153
3923
4074
3870
3976
4065
4042
3908
4082
3899
4146
4011
4200
4042
4149
4044
4058
4146
4007
4191
4024
3909
3968
4212
4040
3989
3861
4106
3974
4061
4121
3941
4081
3958
4011
4189
4040
4101
3934
4013
3950
4009
4051
4162
3908
4069
4120
4069
3992
4047
4175
3996
4192
4020
4063
4249
4121
3848
4096
4043
3721
4088
4192
3890
4045
4085
4184
4211
4073
4203
3946
4085
3862
3965
4123
4202
4008
4044
3972
4085
4123
4025
4001
3870
3865
4002
4047
3917
4050
4062
4149
3948
3920
4279
4093
4146
3966
4000
4169
3945
4125
4173
4037
4032
3922
4030
4040
4045
4074
4032
3869
4114
3967
3955
4194
4037
4140
3999
4152
4106
4059
4048
4006
4046
4074
4028
4106
3881
3838
4131
4058
4155
4161
4014
4080
3943
4236
3951
4098
4038
4097
4016
3998
4013
3968
4127
3976
4134
4139
4125
3820
4010
4083
4078
3985
4141
4104
4170
3966
3974
4198
4027
4109
4040
4130
4159
4286
4092
3952
4222
4052
4004
4231
4137
4063
3929
4029
4218
3895
4150
3974
3965
3942
4148
4060
4105
3992
3945
4277
3955
4252
3985
3966
4042
3969
4056
4133
4067
4023
4121
4115
4111
4257
4023
4043
4091
4138
3950
3879
4034
4181
4072
3954
4131
4125
3899
3988
4011
4032
4053
4295
4079
3945
3942
4028
3920
3808
4184
4019
4139
3964
3966
3991
4040
3872
3848
4095
4104
4216
4008
4116
4007
4049
4190
3940
3871
3939
4151
4174
4143
3831
4042
4186
3807
4225
4009
4045
3852
4096
4115
4023
4047
4063
4187
4032
4120
4063
4199
4043
3986
4076
4177
4125
3949
4096
3964
4012
4057
4158
4194
3866
3894
4010
4126
4057
4132
3927
4087
3959
3812
3797
4139
3977
3936
3986
4281
4138
3960
4050
4094
3941
4023
4118
3932
4137
4085
3862
4079
4210
4060
4096
3904
4086
4080
4039
4140
4111
4029
4019
4157
3918
4214
4052
4127
3969
4106
4063
4008
4172
3968
4209
4031
4164
4131
4063
4205
3988
3997
4000
3993
4086
4065
3834
4053
3937
4169
3940
4169
4066
3997
4245
4071
3960
3950
4109
4124
3970
3906
4136
3985
4095
4124
3945
4128
4146
3897
4142
4165
4073
4127
4005
4082
4157
4099
4148
4047
4025
4178
4033
4059
4042
3941
4249
4067
3890
4138
4168
4095
4067
4055
4010
3935
4212
4108
4050
3835
4167
4096
4205
3910
4051
3982
3867
4100
4166
3916
4059
4060
3956
3963
3903
3904
3912
4192
4041
4022
4073
4071
4094
4136
4212
3960
4158
4046
4056
4016
4220
3861
4139
4149
4041
3870
4068
4044
3961
4130
4121
4199
4087
3974
4139
4096
3876
3854
3994
4132
4257
4051
3842
4157
4026
4235
4194
3999
3961
4089
3972
4130
4027
4228
3948
4011
4099
4142
4178
3943
4106
3936
4039
4173
4125
4113
4008
4221
3887
3950
4191
4204
3933
3951
4014
3953
4103
4016
3956
4017
4017
4154
4162
4221
3975
4145
3914
4109
4183
3890
4023
3947
4040
4131
3977
3845
4029
3980
4137
3971
4055
3952
4149
4016
4174
4138
4169
4229
4124
3996
3798
4013
4247
4138
4086
3933
4037
4257
4014
4042
4104
3939
3820
4201
4089
4210
4138
3958
3918
4006
3933
3990
4027
4058
4270
3994
4187
4108
4220
4172
4204
4174
4077
3920
4160
3949
4344
4006
4020
4128
4051
4137
4091
4007
4202
4033
4141
4157
4012
3895
3952
4028
4136
4196
4000
3921
4066
4163
3947
4025
4058
3940
3896
4373
4078
4117
4064
4057
4197
3927
4027
4019
4158
4019
3943
4120
3959
3954
3915
4122
4201
4001
4246
4087
3992
4056
4097
3923
4056
3939
4019
4138
4074
3984
3971
3993
3992
4020
4100
4111
3864
4093
3998
4135
3817
3990
3996
4109
4020
4182
3965
4181
3994
3986
4098
4073
4041
3947
4060
4095
4020
3984
4156
4118
4084
3989
4190
3904
3951
3933
4044
4030
4065
4147
4074
3862
4044
4012
4086
3977
4043
4230
4089
4015
4190
3996
4080
3942
4074
4073
3970
4124
4134
4185
4103
3755
4171
4193
4072
4052
4122
3893
4002
4268
4105
4169
4219
3948
4073
4249
4051
4040
3999
4077
3938
4152
4035
4050
4188
3991
4017
4137
4306
4070
4023
4113
4065
4103
4113
4011
4134
3939
4128
4133
4158
4032
4022
3976
4080
4104
4268
4190
4073
3985
4023
4070
4016
4093
3954
4176
3822
3978
4042
4168
4227
4061
4064
3892
4033
3980
4085
3995
3975
4192
3921
4065
4006
4069
3974
3991
4065
4034
4116
4246
3982
3974
4067
4161
4057
4025
3922
4079
4007
4168
4011
3951
4144
4136
3833
4080
4192
4046
4171
4243
3855
4058
4024
3991
4062
4014
4069
4097
4030
4061
3954
4203
4074
4042
4123
4257
3977
4016
4094
4083
4039
3999
4137
4167
4098
4293
3973
3963
4152
3954
4046
3948
3985
4136
3917
4218
4074
4016
4150
4016
3939
4035
3843
3906
4137
4258
3941
3870
3831
3949
4062
4050
4147
3876
3967
3901
4158
4021
3829
4052
4170
3929
3992
4038
4112
4051
3943
4149
4123
4168
4159
4067
4116
3995
4042
4065
4171
4010
4010
3977
3812
3921
4073
3941
4059
4152
3907
3979
3935
4297
4082
3849
4110
4074
4059
4083
4103
4013
4096
4064
3946
3904
4001
4168
3938
4014
4150
4151
3787
4041
4044
3916
4092
4075
4122
4002
3998
4139
4019
4161
4050
4021
4203
4072
4019
4114
4037
4244
3948
4063
4048
4060
4134
4240
4046
4105
4110
3947
4077
4162
4222
4075
4115
4163
4076
4325
4010
4100
4015
4027
4185
3994
4020
3845
3859
4036
3975
4196
3968
4149
4175
4032
4055
4042
4095
3970
4162
4094
3961
3924
4012
3953
3773
4101
4056
4072
3952
3882
3872
3962
4015
4147
4186
3968
4243
3903
4040
4126
4146
4174
4176
3956
4043
3956
4030
4108
3988
4089
4163
4040
4019
3954
4002
4088
4214
4073
3975
4022
3935
4263
3918
4100
4009
3968
4199
4306
4116
3974
4218
3790
4103
4085
3954
4133
3990
4004
4146
3880
4213
3851
3956
3974
4052
4118
3892
3993
4239
3918
3755
4034
3936
4082
3974
3978
3931
3969
3967
4033
4134
4016
4119
4077
4179
3932
4102
4070
4159
4067
4257
4036
4027
4012
4068
4181
4093
4264
4284
4087
4128
4057
4044
3905
4079
4059
3880
4036
4090
4142
4049
3953
4050
4028
4053
3993
4027
4183
4122
4151
4134
3844
4016
4097
3993
4104
4130
3997
4059
3977
3913
4273
4051
4084
4274
3966
3922
3971
4006
4162
4051
4065
4221
4127
3976
4035
3971
4024
4168
3917
3857
4233
4287
3973
4021
4093
4095
3994
4131
4188
3989
4236
4279
4084
3896
3930
3979
4102
4026
3977
4137
4001
4024
4131
4045
3992
4183
4180
4033
4098
3928
3991
4102
3906
3947
4183
4030
4092
3984
3986
3949
4025
4136
4130
3994
4181
3901
4043
4065
3980
3986
4137
3994
3890
4049
4106
4208
3988
4257
4010
4035
4017
3998
4142
4216
4310
4144
3870
4082
4090
3956
4063
3851
3993
3930
4093
4153
4174
3918
4066
3899
4129
4095
3975
4263
4076
4011
4046
3901
4080
3941
3985
3977
4153
4066
3875
4208
3867
4023
4034
3935
4099
3902
3984
4092
4168
4190
3939
4111
4119
4248
4072
4152
4049
4256
4143
4085
4094
3916
4107
4100
4114
4122
4184
3942
4125
4168
3972
4095
3843
4025
4032
4163
4063
3922
4135
4121
4240
4043
3948
4095
4013
4098
4080
4032
4080
4059
4174
3978
4009
4161
4001
4211
4129
3929
3955
4190
4183
3973
4024
3974
4005
3950
3944
4075
4005
4132
4140
4002
3887
3905
3925
4049
3884
3985
3932
4021
4019
4061
3881
4132
3971
3857
4153
4041
4074
4075
3958
4120
4089
4057
4118
4036
4017
4040
4065
3946
4026
4164
3993
4049
4168
3949
3920
4159
3769
4123
4070
3975
4192
4045
3924
4180
4098
3993
4129
3931
4090
4224
4039
4098
4157
3962
4022
4090
4303
3958
4111
3991
4141
3942
4109
4045
4024
4101
3993
4011
4011
4036
4056
3904
4057
4021
4124
4071
4000
4179
4089
4034
3989
4293
4023
4018
3885
4095
4160
4261
4104
4001
4095
4014
4017
4147
4145
3969
4082
3907
4042
4054
3949
3784
4420
4117
3918
4102
4107
4046
4068
4073
4054
4085
4183
3964
4087
4020
4127
4070
4024
4127
4028
4110
4129
4149
4002
3993
4039
4178
4055
4064
4107
4207
3895
3958
4206
3980
3970
4126
4122
4064
4077
3960
4159
4050
3983
4239
3925
3863
3906
4062
4089
4052
4057
4038
3958
3972
4210
3917
4191
4319
3871
3855
4010
4155
4055
3949
4201
3981
4264
3966
4091
3861
4027
4120
4128
4389
4055
3977
3991
3978
3893
4125
4101
4076
4241
4136
3991
3823
4059
3780
3891
3925
4143
4070
4097
4124
3945
3946
4071
4166
3800
3995
4374
3935
4093
3996
4035
4163
4034
4008
4134
4011
4029
4181
4014
4082
4153
4085
4111
4016
4013
4085
4023
3906
3973
4269
3986
4192
4103
4058
3898
4123
4115
3978
4119
3832
3915
3915
4029
3908
4099
4004
4039
4096
4116
4002
4069
4179
4170
3994
3816
4236
4235
4064
4079
4022
3900
4149
4166
3957
4105
4131
4035
4141
3972
3978
3935
4043
3927
4058
3954
4122
3973
3974
3893
4123
4012
4154
4065
3868
4140
4150
4129
4074
4074
4001
4094
4044
4055
4098
3968
4091
3998
4075
4072
4035
4027
4166
3997
3804
3925
4088
4125
3876
3931
3952
4000
3998
3976
4310
3965
4121
3882
4080
3926
3837
4091
3887
4018
3992
4216
3934
4174
4103
4074
4155
4059
3967
3990
3971
4082
4202
3706
4129
4059
4007
4048
3925
4120
4268
4188
3943
3999
3910
3906
4112
4092
3912
4169
3956
4043
3765
4057
4124
3875
3987
4033
3991
4106
3987
4043
4169
4080
4134
4131
3956
4038
4128
4009
4170
4068
4174
4328
4077
4090
3921
4035
4116
3978
4042
4012
4095
4109
4096
3939
4119
4184
4047
3971
4211
4126
3896
4278
4021
4147
4292
4093
3978
4037
3967
4201
3931
4143
3960
4022
3915
4038
3996
3992
3971
3911
3949
3900
3993
3999
4200
4094
4011
4018
4135
4163
4103
4181
4133
4132
4100
4338
3845
4033
4125
3963
4249
4226
4081
4163
4147
3991
4058
4005
4192
3961
4197
4029
4027
4049
3993
4044
4277
4051
3914
4089
4021
3966
4016
3987
4067
3997
3971
4027
4078
3896
3848
4072
3978
4031
3981
4119
4138
4193
4058
4245
4023
4052
3914
4123
4091
4081
3967
4034
4240
4136
3986
4028
4137
3860
4071
4281
4121
4173
4269
4183
4257
4125
4155
4064
3945
4054
4156
4127
4153
3991
4300
4093
4143
4089
4097
4112
4162
4301
4159
3996
4204
4043
4019
4017
4060
4063
3798
4224
4125
3951
4129
4243
3936
4091
4013
3952
4015
4033
4034
3913
4255
3983
4068
4213
4270
3943
4014
3934
4156
3843
3934
4085
3866
4212
4035
4126
4002
4053
3892
3978
3887
4229
4066
4127
4299
4137
4044
3896
4129
4065
4151
4122
4027
4109
4045
4276
4164
4190
4146
4185
3969
4049
4078
4052
4158
4112
4012
4120
4014
3920
4014
4284
4247
4046
3865
4041
4342
4230
3844
4131
4197
4171
4074
4088
3908
3989
4000
3963
3950
3994
3991
3921
3940
4070
4055
3917
4129
3945
3900
4007
4203
3829
3960
4208
3990
4032
4017
4012
4028
4115
4138
3957
4010
3956
4040
4030
4128
4084
4012
4136
4198
4081
4087
4077
4057
3881
3994
4176
4187
4186
4212
4073
4190
4003
4103
4042
4064
3819
4184
4089
3974
3922
3960
4103
4233
4111
3954
4059
4132
4069
3811
4094
3876
3989
4117
3792
4228
4192
3930
4183
3972
3941
4290
4252
4124
4027
4057
4071
4253
4142
3927
4035
4286
3810
3943
4224
4190
4012
4123
3859
4020
4108
3946
4183
4029
4021
4170
4061
4024
3891
4126
4006
4179
4088
3832
4017
4134
3938
4224
4080
3961
4021
4216
4027
4091
4091
4291
3812
4073
4156
4197
4158
4165
3956
4144
4016
4108
4092
4019
4077
3956
4123
3883
4051
4170
4068
4124
4043
4233
4154
4083
4180
4003
3996
3956
3894
4291
4024
4165
4011
4170
4022
4087
3944
3990
4095
4044
3819
4068
3962
4087
4079
3942
3843
3942
3980
4011
4017
4301
3995
4124
4021
3969
3959
4078
4008
3908
3918
4063
3994
4193
4112
3961
4091
3948
3884
4166
4147
3857
4178
4027
4148
4194
4129
4046
4001
4016
3791
3910
3842
4046
4289
4099
4049
4076
3831
3941
4163
4020
4083
3941
4184
4040
4181
3891
4052
4110
4018
4083
4212
4102
4057
3997
4083
3924
3944
3881
4000
4090
4052
4128
4122
3977
3916
3993
4046
4111
4201
4117
4023
4137
3985
3993
4014
4088
3907
3906
3983
4076
4137
4049
4122
4059
4066
4114
4142
4073
4051
3915
3898
4058
4124
3904
4054
4047
4061
4097
4041
4129
4004
3991
3990
4063
4206
4128
3991
3918
4062
4321
4068
4091
4120
4032
3925
4102
4124
4058
4006
3991
4003
3888
4166
4119
3911
3976
3974
4173
4091
4031
4153
4116
3980
4024
4096
3967
3983
4075
4121
4197
4163
3959
4200
3965
4073
4061
4019
4027
4110
4096
3993
4235
4145
3988
3972
4078
3937
4125
3943
4189
4097
3921
4063
3944
3858
4218
4210
4089
4092
4070
3957
3980
4069
4006
3951
4010
4057
3955
3953
4006
4086
3969
4043
3921
3949
4073
4101
3879
3913
4034
4047
4091
3976
4102
4083
3991
4418
4007
3967
4259
4014
4035
3928
4032
4091
4242
3929
4108
4142
4008
4108
4192
3907
4135
4101
4136
3987
3839
3998
4092
4207
4111
3913
3979
3870
4091
3946
4048
4055
3956
4124
3841
4077
4067
4169
4028
3922
4036
3852
3960
4065
4035
4146
3966
3957
3853
4213
3862
4128
3956
4151
4102
4020
4171
4006
4007
4016
4038
4045
4133
4123
4102
4228
3933
4066
4159
4015
4046
3909
4070
4192
4240
4101
4065
4157
4029
4064
4249
4131
4153
3979
4059
3919
3936
4017
4022
4054
3901
4002
4102
3985
4176
4091
4008
4120
4105
3933
4086
3925
3860
3919
4209
3934
4037
4031
4115
4130
3967
4066
3987
4211
4107
3785
4012
4062
3945
4137
4137
3993
4095
4010
4107
4010
3901
4016
4013
4039
4035
4060
4218
4014
4015
4092
3870
4092
4038
4096
3836
3994
3956
3828
3926
4024
4084
4195
3959
3870
4034
3834
3956
4005
3892
4251
4023
3910
4230
4042
3981
4017
4013
4010
4000
4178
4040
3845
4053
3895
4220
4081
3959
4015
4033
4019
3940
3899
4027
4117
3953
3947
4151
4007
4254
4069
3809
4098
4076
4059
4042
3945
4129
4105
4017
4131
4015
4179
4071
3978
4041
4080
3984
3906
4065
4075
3926
4149
3878
4044
4106
3960
4213
4110
3887
4110
4149
3997
4024
4083
4058
4110
4142
4156
4156
3950
3965
4149
4273
3859
4009
4098
3915
3967
4235
4215
3812
4043
4001
4062
4128
4103
3975
4112
4154
4293
4094
3958
3891
3970
4088
4047
4116
4146
4031
4008
4048
3776
4155
3994
3954
4020
4035
4067
4082
4102
4109
3931
4130
4191
4115
4008
4152
4005
4292
3917
3872
4012
4070
4121
4037
3936
4044
3897
4039
3986
3857
4031
4184
3807
4125
4128
3890
3974
4164
4022
4131
4068
3953
3884
4049
3957
4097
4002
4096
4238
3915
3934
4012
4059
4100
3985
4057
4018
4114
4102
3967
3964
4047
4092
4063
3970
4004
4002
4174
4158
3910
4157
4027
3978
3933
3873
4062
4223
4309
4144
3989
4003
4044
3846
4109
4146
3947
4235
4112
4040
4021
4083
4002
4109
4005
4162
3927
4062
4054
4240
3973
4088
4099
4043
3806
3975
4013
4088
4001
4126
3959
4041
4013
3973
3963
4070
3956
4072
3993
4177
3967
3766
4204
3956
3944
4225
4000
3965
3902
4178
3879
3990
4058
4108
4049
3996
4166
4291
4093
4201
4239
3941
4062
4058
4057
4151
3880
3850
4114
3960
4207
4116
3938
4056
4045
4162
4093
4059
4067
3995
4118
4030
4141
4000
4107
3987
3835
4186
4106
3857
3866
4097
4039
4264
4081
4214
4016
4141
4072
4046
4080
3945
4162
3796
3998
3944
4104
3938
4124
4003
4218
3990
4050
4185
3771
3945
4099
4181
4234
3974
4008
3937
4034
3841
3921
3923
3828
4003
4053
4185
3930
3896
3884
4027
4039
4159
4191
3970
4136
4040
3982
4096
3940
4188
3971
4100
4094
4081
4052
4043
4038
3836
4058
4008
4085
3913
3928
4100
4026
3800
4038
4085
4068
4180
4049
4091
4180
4067
4210
4091
4131
4245
3980
4054
4131
4376
4181
4030
4108
4012
4128
3980
4132
4063
4092
4098
3991
4155
4140
4452
3901
4033
4202
3978
4212
4011
4010
3872
4261
3877
4101
4260
4139
4045
4161
4081
4102
4086
4072
3954
3987
3959
4189
3925
4142
4052
4059
4010
4030
4111
3837
3839
4109
4124
4028
4054
4025
4178
4165
4106
3984
4041
4023
4095
4120
4025
3999
3901
3984
4122
4150
4097
4051
3895
3893
4026
3912
4171
3958
4089
4073
4180
3893
4043
3973
4168
4007
4122
3938
4139
4079
3877
4094
4331
4235
4036
4044
4019
4163
4072
4165
4162
4036
4094
3956
4092
4007
4171
4125
4198
4072
3907
4018
3904
4044
4240
3870
3950
3969
4064
4120
4131
3959
4068
4085
4049
3837
4226
4177
3980
4026
3986
3955
4272
4004
3947
3964
4096
4035
4030
4101
4275
4056
3950
4158
3962
4075
4093
3981
4125
3817
4250
3943
4059
3985
4017
4057
3884
3905
4213
4096
4007
4008
3892
4196
3983
3918
4067
4110
4317
4233
4096
3998
4041
4129
4095
4029
3963
4082
4212
4169
4085
3931
3994
4040
4104
4223
4040
4100
4139
3920
4033
4040
4282
3966
3983
4066
4042
3921
3897
4228
4140
3984
4103
4126
4050
4117
4013
4031
3947
4055
4080
4178
4194
4120
4160
4144
3964
3968
4255
4180
3955
4026
4075
4275
4085
3958
4193
4092
4070
4103
4038
3980
4204
3998
4047
4087
4050
4047
4032
3945
4029
3973
4033
4153
3993
4097
3898
4057
4017
4042
4226
4060
3966
4015
4052
3924
4136
4122
4034
4009
3926
3918
3971
4085
4109
3929
4026
3918
4084
4020
4238
3954
3991
3831
4155
3953
3942
4076
4018
4381
4179
4050
4020
4096
4115
3949
4056
4090
4048
4024
3907
4081
4132
4068
4143
4024
4005
4000
4189
4057
4205
4198
3969
3929
4001
4057
4067
3977
4076
4043
4008
3966
3926
4022
3995
4066
4112
4126
4059
4231
4147
3924
3977
4071
4015
3896
4023
3952
4108
4014
3798
3967
3914
3883
4025
4021
4175
3815
4003
3887
4015
3944
4043
4115
4082
4071
3987
3958
3981
4137
4027
4142
3858
3955
4256
4053
4146
4035
3966
4151
3982
4182
4043
3917
4151
4179
4377
4118
3805
3990
4133
3991
4273
4039
4000
3990
4050
3975
4025
4103
4133
4141
3958
4171
4060
4072
3928
4261
4032
3949
4133
3940
4190
4002
3988
4083
3926
4020
4006
4139
3923
3994
3909
4280
4159
4033
4089
3981
4140
4031
4020
4131
4205
4139
3860
4102
3956
3874
4025
4033
4089
4113
4102
4066
4143
3983
4059
4131
4187
3908
4002
3910
3969
4045
4047
4122
4181
4287
4060
3893
4095
3894
4044
4252
4149
4228
4041
4131
3999
3950
4150
4036
4182
3964
4010
3936
4018
4167
4089
3976
4057
4174
4052
4006
3779
4044
4195
4158
4261
4147
4120
3969
3975
4115
4180
3987
4106
4070
3775
4010
3978
3988
3996
4077
4016
4117
4051
3913
4108
4122
4192
4139
4013
4261
4053
3957
3982
4046
4037
4087
4079
3945
3888
4190
3852
3949
4133
3945
4162
4059
3977
4091
4213
4232
4060
4043
4006
3858
3899
3949
4041
3988
4028
4193
4116
3951
3901
4346
3852
4239
4118
4345
3951
4066
4006
4081
3972
4026
4190
3858
3805
3905
4118
3951
4187
4192
4053
4078
4057
4100
4043
4011
3960
4157
4216
4025
4063
4115
3952
4091
4120
4070
3989
3927
4217
4039
4122
4245
3969
4014
4085
4099
4112
4093
4026
4306
4042
4089
4081
3929
4221
4011
3906
4018
4227
4084
3927
4170
3854
3953
4055
4273
4146
4176
4047
4235
4058
4179
4057
3902
4154
4032
3935
4020
3991
3899
4141
4201
3915
4142
3933
4236
4076
4132
3769
3997
4197
4110
4028
3994
4028
4072
4008
3934
4105
3995
4094
3938
4164
4116
3950
4180
4252
4084
4035
4045
4124
4213
4098
4118
4098
4104
3996
3993
3932
4153
4164
4033
4112
3908
4085
3911
4030
3804
4158
3924
4097
4198
4060
4163
4181
4157
4097
4087
4098
4150
4087
3931
4057
4004
4182
4138
4020
4025
3940
3986
4079
4098
4138
4072
3921
4254
4050
4192
3922
3929
3910
3865
4176
4170
4061
4198
4115
4010
4017
4048
4028
4014
4132
4012
4185
4054
4079
3981
4024
4233
3958
3970
4163
4086
4056
4159
4051
4092
4070
3912
3943
4236
4103
4011
4178
3986
4160
3968
3960
4257
4090
4031
4083
4016
4049
4029
3939
4122
3897
4043
4045
3935
3993
4054
3952
4025
4069
4112
4099
3899
4038
4045
4167
3954
4099
3969
3971
4025
4179
4090
4163
4199
4043
4207
4043
4245
3858
4030
4131
3991
3991
3998
4092
4083
4038
4132
3764
4246
3967
4090
4058
3983
3899
4098
4051
4220
4017
4033
4018
4046
3984
4296
4046
4046
3997
3867
4204
3958
4174
4100
3997
4004
3917
3947
3933
4292
3930
4054
4010
4008
4218
3931
4067
4150
4106
4044
4181
4135
4035
4065
4066
4132
3941
4091
4042
3911
3962
3903
4107
4137
3979
4000
4145
3838
4096
4150
4102
3927
4152
3963
3994
4103
4140
3925
3958
4125
3984
4123
4207
4061
3930
3851
4139
4051
4041
4139
4256
3970
3934
4316
4168
4042
3897
4048
3974
4064
4037
3998
4211
4017
4127
4086
4192
3974
3940
4017
4146
4016
4155
3771
4049
4165
4028
4082
4133
4133
4050
4042
4135
3889
4075
4079
4018
4123
4025
4209
3973
3948
4026
3913
4155
4055
3926
4064
4125
4094
4034
4191
4309
4067
4150
3970
4065
4214
4192
4017
4037
4135
3951
4119
4024
3963
4110
4181
3968
4086
4084
4144
3955
4020
3989
4208
3880
4049
4134
4184
4126
3959
3951
4087
4159
4010
4146
3978
4060
4217
3947
3947
4263
4045
4104
4110
4015
4030
4009
4138
4270
3994
4130
4151
3952
3944
3888
4007
3991
4062
4054
3955
4073
4046
4200
4117
4000
4083
4047
3773
3997
4133
3941
4079
4003
4175
3939
4052
3983
4091
4234
3999
3987
3972
4234
4021
4125
4040
3904
3971
4124
4005
3804
3957
3995
3812
4166
4026
4119
3923
4001
4083
3862
4127
4007
4114
4180
4220
3987
3968
3843
3915
3977
4002
4148
4156
4107
4013
4050
3981
4183
4003
4142
4216
4003
4106
4147
3880
4151
3934
4068
3967
4007
4081
4005
4205
3965
4254
3889
4112
3914
4058
3975
4153
4031
4061
3962
4118
3977
4064
4014
4023
4236
4001
3976
3937
4237
4055
4150
4048
3969
3888
4021
4133
4303
4007
3994
3804
4069
4072
3971
4046
4127
3976
4063
4130
4043
3889
4186
4130
4053
3966
4163
4121
4000
4050
4215
4241
3906
4057
4011
4013
4091
4275
3902
4127
4077
4086
3943
4108
4105
4322
4011
4082
4032
4036
3977
3961
4052
4012
3936
4034
4074
3945
4141
4155
3787
3967
4344
4005
4084
3975
4091
4033
4010
4001
4086
4157
4258
4066
3973
4020
3902
4129
3949
4122
4139
4079
3926
4065
3956
3901
4079
4072
3899
3896
4099
4050
3941
4115
3958
4160
3965
3843
4078
4092
4191
4041
4115
4136
3901
4053
3966
4097
4090
4122
4076
3899
3919
3989
4188
4011
3866
4105
4242
4024
4134
4152
3916
3958
4066
4088
4033
4025
3956
3900
4072
3999
3883
4175
4106
3897
4142
4176
3798
4225
4062
3879
4075
4156
4090
4013
4033
3847
4000
3992
4073
4170
4009
4143
4094
4118
4049
3864
3922
4069
3936
4220
4097
4065
3992
4040
4068
4075
4135
4099
4033
4002
4038
3970
4110
4123
3994
4038
4110
4085
4305
4028
3974
3989
4237
4010
4080
4036
4265
4165
3880
4182
4109
4109
3968
4209
4019
3956
4222
4009
3806
4130
3935
4010
3920
4189
4064
3991
4041
3975
4010
3928
4095
4038
4193
4090
4010
4046
4079
4059
3936
4168
3996
4096
4206
4064
4037
4097
3918
4028
4047
3934
4099
4174
4078
4068
3998
3952
3929
4007
4134
4107
4161
4107
4038
3962
4014
4246
4100
3811
3839
4117
3934
4066
4066
4044
4033
4109
3988
4085
4023
3935
3872
4113
4229
3961
3991
4154
4024
4112
4118
3942
3906
4081
4184
4007
4031
3969
3945
4174
3986
4053
4142
4075
3991
3991
3975
3943
4277
4195
4108
4021
4166
3881
3965
3999
3932
4297
4089
4077
4098
3992
3970
4141
4212
4077
4256
4037
4225
4054
4091
4027
4017
4018
4086
3995
4071
4155
4089
3897
4064
4076
4094
4108
4009
4399
4085
4161
4137
3930
4109
4100
4011
4028
4010
3988
4058
4061
3988
3999
4007
4209
4115
3933
4235
4074
4050
3971
4151
4040
4068
4055
3983
3937
4151
4056
4148
4290
4040
4107
3866
4062
4041
3890
4054
4040
4072
4002
4071
4083
4171
4146
4024
4042
4147
3965
4066
3877
4192
4005
3977
4173
4064
3929
4237
3940
4016
4089
3922
4086
3986
3996
4146
4101
4204
3936
3929
4243
3796
4039
3987
3987
4025
3989
4039
3982
4272
4058
4069
4062
4014
3895
4072
3777
4026
3979
4034
3917
3997
4203
4029
4186
3942
3974
4065
3947
4167
4097
4130
3822
4223
4146
4079
3986
3966
3951
4076
4083
3946
4007
4025
3920
4090
4173
4317
4160
4085
4123
4128
3986
4016
3928
3996
3946
4063
4128
4134
3991
4018
4015
4082
4128
3972
4038
3883
4065
4060
4120
4040
3972
4090
4322
4092
3927
3996
4078
4013
4284
4006
4184
4075
4159
4079
4033
3980
4117
4050
4053
4136
4146
4130
4073
4164
4142
3881
4152
3993
4036
4016
3995
4233
3978
4384
4088
4169
4157
3956
3951
4013
4097
3983
3984
4249
3985
4046
4126
4401
3956
3927
3928
4220
4036
4053
4000
3880
3938
4159
3909
4068
4205
4034
4016
4130
3989
3987
4051
4152
4354
4031
4149
4096
4207
4076
4139
4083
3985
4101
4084
3836
4053
4080
4043
4090
3947
3984
3987
4011
4065
3909
4104
4119
4115
4380
4169
3775
4060
4037
4044
4047
4173
4019
4031
4077
4036
4131
3978
4080
4092
3999
4036
3920
3983
4125
4114
4169
4043
4243
3934
3922
4079
4226
4097
4258
4161
4023
4182
4022
4108
4053
3891
4234
4286
4093
4055
4222
4102
4218
3991
3897
4089
3854
4170
3943
4065
4149
4113
4061
4062
4065
4110
4006
4004
4004
4023
4026
3780
4025
3915
4054
4096
4057
4035
3961
3924
3914
4112
4107
4009
3911
4262
4034
3883
4123
4074
4047
4022
4127
4128
4209
4065
4130
3853
3879
4009
3942
3897
4070
4022
4031
4020
4085
4048
4020
4056
3996
3962
4091
4061
4045
4025
4034
3894
4209
4007
3947
4121
4033
4205
4033
4060
4058
3951
3948
3925
4096
3937
3950
3986
4028
4197
4089
4025
4044
4004
4033
4072
4140
4135
4050
3895
4170
3975
3953
4161
4117
4221
4129
4204
4197
3813
3971
3961
3961
4098
3949
4045
4082
3992
4176
4111
4053
4192
4071
3941
4145
4027
4119
4208
3976
4093
4103
4041
4034
3957
4054
3855
4001
3959
4054
4119
4006
4113
4087
4040
3830
3906
4104
3991
3990
3958
4137
3998
4136
3978
4048
4145
4057
4014
4057
4020
4060
3809
4094
3944
4019
3931
4045
4036
3979
4066
3882
3878
4110
4046
4205
4076
4049
4007
3832
4119
4013
3928
4009
4032
4075
3856
4005
4067
4086
4145
4051
4067
4251
4190
4076
4078
4172
4090
4225
4005
4115
3932
3870
4075
3859
4084
3990
4039
4103
3955
4006
4012
4089
4052
4142
3913
4024
4148
4058
4089
4000
4094
4030
4284
3991
4117
4128
4127
3981
4068
4044
3955
3886
4219
4000
4202
4157
4110
4116
3956
3728
3862
3969
4001
3953
3881
4218
3921
3966
4122
3910
3970
3989
4022
4314
3873
3965
3908
4037
3981
3914
4017
3998
3963
4170
3947
4003
4106
4013
4117
4094
4124
4118
4056
3973
4257
4050
4076
4206
3919
4025
3872
3965
4002
4140
3937
4111
4194
4032
4002
4016
4052
4169
4172
4156
4174
3915
3941
4184
4171
4066
3992
4097
4089
3908
4206
4104
3994
4065
4026
3953
4159
3997
3997
4061
3909
4187
4041
4150
3971
3962
4072
4058
4037
4007
4126
3852
4143
4125
4134
3971
4207
4112
4069
3904
4084
4249
4087
4094
3990
4307
4268
3957
3936
4294
4040
4124
4135
3940
4066
4020
4123
4069
4059
4123
4126
4172
4028
3735
4086
4002
3994
4135
4285
4098
4103
3922
3948
3939
4126
4221
4038
4055
4046
4094
4118
3874
3979
3971
4051
4088
3929
4016
4151
4032
4208
3825
4119
4113
4054
4132
4060
3855
4177
4138
4149
4085
4053
3987
3949
4077
4171
4018
3884
4091
4083
4153
4186
3897
4027
3880
3936
3864
4030
3972
4062
4097
4117
4060
4042
4117
4034
4076
4119
3944
3893
4118
3993
3938
3966
4213
3872
3878
4159
4104
3942
4176
4072
4044
3973
3860
4041
3954
4205
4020
4149
4018
4176
4260
4030
4078
4042
3830
4057
4098
4080
3946
4027
4083
3998
4079
3858
4173
3816
4045
4155
4109
4290
3985
4119
4202
4030
4035
3956
4162
4057
3985
4122
4096
4192
4229
4006
4038
4190
3921
4117
4210
3964
4145
3882
3927
3967
4152
4040
4124
4002
4018
3925
3971
3995
4096
4112
3950
3944
4078
4120
3940
4112
4107
4051
4275
3910
4034
3975
4035
4025
4039
3906
3916
4051
3998
4010
4069
4071
4141
4141
4300
4159
4159
4022
3972
3943
3977
4096
4229
4064
4033
4090
4030
4073
4109
4035
3967
4196
4078
4165
3746
3993
4284
3939
4133
3990
4000
3879
3906
4191
4043
4070
4212
4030
4012
3953
3996
4091
4042
4415
4056
4081
4021
3930
3910
4086
3945
4217
3975
4042
4041
4022
3999
3991
4052
3931
4219
4094
4320
4180
3971
3948
4019
4025
3972
4099
4162
3960
4234
4069
4025
4050
4190
4055
4047
3892
4004
3968
4219
4148
4059
3760
4004
4103
4001
3913
4017
4078
3904
3985
3992
3987
3998
4103
4102
4200
4077
3943
4083
4043
4024
4091
3844
4084
3874
4003
4161
4165
4045
4058
4127
4051
3975
3946
4163
3992
4194
3945
4072
4207
4269
4084
4173
4068
3934
4172
4032
4026
4194
4034
4166
3965
4073
4102
4032
3945
4114
4011
4154
4183
4064
4131
3946
4167
3973
4012
3943
4098
3768
4204
3889
3878
4069
4060
4035
3972
3937
3981
4020
3976
4149
3934
4040
4022
4089
3990
4096
4132
4060
4183
3899
3976
4220
4032
4068
3952
4427
4009
3974
4075
4044
3870
4135
3865
4083
3956
3932
4126
4013
4038
3968
3950
3947
4213
4084
4070
3935
3903
4099
4016
4121
4062
3991
4026
3926
3976
4099
3874
4163
4043
4113
3992
3909
4139
3916
4045
4067
4069
4128
3994
4065
4008
4112
4007
4134
4050
4051
4026
3989
4065
4014
3943
4026
4192
4099
4068
4167
4044
3971
3850
3929
3926
4263
3946
3933
4067
4092
4030
4219
3956
4062
4006
3957
4017
4141
4109
4165
3940
4014
4279
4152
3982
3902
4184
4272
4092
3972
4023
3968
3942
4197
4065
3801
3919
4324
4203
3862
4134
4227
4072
4160
4103
3978
4054
4017
4088
4092
4100
3939
4042
3919
3903
4151
4117
4159
4055
3997
4090
4092
3984
4120
4069
4075
4023
4021
4000
3954
4084
3959
3933
3972
4035
3879
4160
3975
4245
3935
4175
3871
4092
4164
3919
4068
3970
3994
4141
3924
3871
4043
4040
3930
4167
4081
4001
4078
4295
4057
3978
4097
3959
4054
4038
4142
4001
3909
4006
4088
4191
4000
4135
4250
3954
3956
4063
4130
4236
4135
4021
4026
3987
3894
4035
3941
4208
4105
4012
3932
4129
4080
4014
4151
4122
4132
4264
4032
3999
4015
4057
3887
4048
4035
4166
4118
4068
4074
4107
4098
4143
4106
3887
4109
4024
4084
4097
3845
3941
4258
4239
4045
3844
4065
4095
4101
3953
3954
4012
3925
4052
3980
3958
4056
4148
3996
3951
4112
4134
4045
4083
3971
4015
4055
3864
4192
4041
4147
4109
4028
4017
4124
4026
4097
4116
3875
4141
4214
4220
4181
4248
4117
4195
4113
4080
4022
4225
4167
4082
4036
4079
3979
4059
3861
4119
3982
4037
4017
3924
3976
4096
3986
4028
3961
4070
4141
4013
4011
4266
3908
3951
3859
4075
4023
3997
4125
4151
4014
3858
3890
4093
3953
4295
4125
4076
4072
3962
3918
4198
4069
3944
4177
3958
3848
4051
4011
4077
4098
3927
4127
4274
4169
3965
4039
3955
3902
4194
4132
4050
4009
3982
4002
4046
4095
4232
3884
3987
4247
4007
4044
4123
4306
4041
3970
3956
3888
4134
4111
3916
4221
4046
4193
3810
4084
4090
4122
3931
4024
4035
4181
4088
4057
3939
4030
4074
4034
4258
4138
4125
4014
4017
3949
4157
4129
4057
4166
3952
3951
