4058
3999
4020
4034
4060
4003
4049
3988
4222
4168
3940
3799
4052
4076
4119
3833
3948
4274
4026
4118
3926
3973
3985
3934
4103
4112
4066
4043
3975
3953
4010
4040
3954
4129
4009
4251
3947
4055
4030
4064
4100
3906
4125
4017
3802
3898
3822
3950
4073
3961
3915
3963
3889
4048
3957
4077
4051
3795
4096
3975
4127
4216
3865
3969
3998
3995
3975
4085
3905
3961
4127
4062
3996
3938
4145
3928
4087
4157
3952
4028
4140
3890
4068
3918
4065
4047
3958
4153
4140
3932
4121
4189
3979
4136
3993
3968
4215
4112
3951
4148
4085
4090
3932
4030
4250
3794
4029
3971
3944
3930
4071
4082
4082
3763
4004
4168
4096
3867
4025
3949
4031
4052
4246
3829
4006
4056
4070
4110
4047
4090
3991
4015
4135
4101
3931
3991
3950
3859
4076
4164
4134
4050
4039
3984
4081
4052
3754
3964
3984
4226
4147
3821
4171
4096
4099
4036
3941
4128
4050
4039
3906
4169
4049
4048
4083
3951
3956
4099
4036
4121
4150
4131
4083
3984
3933
3970
3963
3965
4037
3961
4008
4279
4087
3912
4010
4062
3876
4020
3942
4099
4067
4035
4100
3975
4020
4024
3980
4010
4157
4013
4006
4227
4121
4089
4146
4089
3892
3990
3998
3896
4152
4111
4058
3910
4002
4126
3886
3878
4028
3976
4176
3920
4052
3916
4134
3905
3991
4100
3836
3879
4046
3966
4020
3948
3964
4056
3998
3924
4183
4014
4156
3963
4142
4171
3855
3814
4099
3932
3948
4134
4050
4097
4191
4030
4179
4012
4218
3743
3965
3897
4031
3784
4035
4059
4157
4036
4058
3946
4023
3889
3938
3903
3856
4031
3892
3960
4100
4025
4068
3897
4011
4138
4083
4210
3900
4023
4003
4096
4078
3970
4047
3951
3998
4133
3976
3966
4067
3918
4193
4175
4037
4082
4075
4003
4125
4091
3907
4126
4000
4027
4056
4161
3924
4113
4010
4094
4007
4023
4005
4110
3960
4098
4058
3957
4019
3980
3992
4058
4119
4082
4169
3979
4175
3961
3983
3899
4153
3939
4066
3926
4063
4073
4024
4110
3984
3915
4160
4016
4082
3869
4234
3984
4045
4181
4146
4023
3907
3914
3878
3987
4034
4109
4070
4054
4156
4142
4027
4002
3957
4151
4008
4010
3997
3951
4100
4055
3913
4123
4016
3992
3946
4028
4050
4048
3829
3856
4290
4133
3870
3972
4119
3912
3987
3795
4294
3924
4015
3855
4041
3893
3902
4093
3877
3766
3819
3858
4127
3984
3880
3969
3913
4135
3958
4069
3914
4057
3900
4172
4095
3895
4094
3952
4022
3926
4036
4002
4063
4086
3998
3934
3874
3939
4084
4131
4194
4175
4031
4059
4065
4096
4108
4016
4170
4038
3887
4209
4081
4114
3807
3985
4151
4062
4129
4091
3813
4037
4166
4180
4221
4021
4093
4210
4015
3823
4134
3937
4055
3980
4057
4024
4033
3991
4003
3929
4002
3976
4089
4106
4027
3912
4107
4056
4007
3973
4039
4217
4105
3943
3916
4090
3989
3838
3939
3922
4055
4057
4016
4123
4055
3925
4005
3843
3991
4041
4081
4035
3974
4086
4033
3905
4059
4087
4093
4089
4040
4040
4188
4164
3985
4039
4048
4056
4130
4281
4074
3939
4026
3975
4124
4026
4033
3982
4146
4054
3958
4072
3914
4093
3909
4058
4019
4141
4041
3873
4102
4095
4104
3937
4069
4346
4167
3900
3935
4030
3869
4066
3858
3971
3985
4270
4139
4247
3862
3797
4023
4078
4270
3911
3788
4121
4076
4016
3989
4099
3907
4024
4091
4180
4098
4207
3941
3943
4299
3881
4036
3936
4078
4015
4043
4125
4095
4058
3989
3993
4085
4178
3943
4163
4122
3987
4026
4134
3946
4062
3964
3958
4272
4115
3977
4035
4190
4225
3908
4125
4070
4084
3974
3902
4027
3962
3835
3876
3992
3905
4128
3924
3989
3900
3988
4135
4141
4015
4041
3976
4059
3805
3942
3953
4002
4063
3853
3807
3971
3991
4070
3977
3958
4074
3901
4081
3952
4235
3953
4213
3868
4061
3967
3882
4071
4109
3972
3787
3938
4143
3769
4008
4151
4027
4001
3902
4132
4166
4046
3948
4067
4036
4165
4242
3997
3990
4169
4032
3961
4129
3983
4038
3975
4146
4069
3873
4079
4025
3897
4015
4134
3958
3910
3953
4125
3955
3979
3790
3950
4054
4120
4013
4015
3933
3973
3847
4033
4020
3922
4246
3851
3974
4011
3768
4154
4075
3930
4083
4074
3952
3912
4026
4134
3814
3985
3899
3934
4280
4056
4028
3989
3987
4221
4112
3981
4192
4057
4046
3978
4067
4105
4084
3884
3998
4127
4127
3947
4043
4048
3779
4138
3994
3915
4117
3981
4077
4077
3799
4134
3980
3983
4078
4016
3941
4192
4176
4049
3944
4273
4021
3870
3984
4100
3946
3902
3901
3912
3953
3983
4019
4097
4144
3960
4040
3999
4084
4210
4178
4050
3995
3862
3846
4137
3962
4143
4037
4032
4058
4097
4003
4079
3940
4048
3950
3968
4022
4077
4080
3974
3999
3947
3937
4159
3917
4041
4013
4046
4076
3966
3955
4001
3987
3994
4146
4076
4018
4128
4016
4093
3987
4144
4052
3877
3908
4049
3950
3829
3937
3965
4072
4198
4016
4041
3795
3922
3953
4066
4177
3974
4062
3940
4005
4117
4095
3990
4036
3883
4058
3919
3944
4045
4144
3961
4015
3928
4025
3884
4004
3953
4017
4123
4070
3948
4109
3954
3999
4195
4070
3917
4053
3954
4029
4057
4036
4141
3973
3884
4042
4093
4025
4139
4122
3978
4147
3967
4177
3969
3985
4060
3920
4063
3996
4035
3993
3951
4026
4230
4024
4081
3960
4042
4132
3857
4085
4094
3936
3971
4174
3794
4138
3799
4102
4048
3947
4085
3936
4039
3851
3943
4106
3950
3977
3970
4030
4165
4061
4032
4076
3970
3975
4067
3900
4076
4051
4041
3713
4006
4040
3796
4006
3948
4018
4190
4111
4125
3998
3921
4155
3779
4175
4130
4072
3863
3816
4031
3981
3901
4031
4220
3918
3983
4005
4137
3997
4116
4196
3987
3943
4022
4088
4179
3950
3946
4242
4135
3959
4041
4051
3827
4085
3938
3991
4004
4083
3981
4111
3762
4112
3997
4105
3998
4012
4126
4139
4004
4022
4036
3806
4069
3977
3931
4004
4047
3894
4109
4166
3999
4095
4055
4057
4005
4038
4068
4018
4105
3913
4107
3894
3923
3965
4095
4102
3897
3804
4063
4079
4070
3939
4084
3973
4267
4008
4051
4188
4022
4079
4020
4050
4213
4025
4010
4109
4051
4040
4214
4049
4052
4066
4091
4118
3998
4052
3983
4013
4237
4013
4114
4002
4065
3987
4154
4084
3801
4157
4310
4018
3999
4139
4018
4117
4154
4009
3943
4157
4061
4100
3857
4027
4080
4066
3927
3917
3893
4009
4024
4131
3851
3800
3997
3986
3978
3838
3816
3929
3766
3991
3954
4097
4178
3930
3836
4044
3991
4113
3897
3982
3912
4166
4040
4096
4144
3857
4136
3802
4085
4107
4113
4150
4196
3904
3940
3902
4313
4179
3918
3957
4026
4006
4010
3920
4038
4099
4112
4103
3670
3904
3810
3981
3862
4122
4160
4116
4238
4020
3817
4224
3993
3732
3905
3979
4109
4109
4004
4049
4171
4121
4181
3989
4066
3960
3921
4046
4118
4241
3935
3874
3931
4016
4043
3876
4008
4137
3903
4080
4051
3879
4125
4027
4149
3976
4076
4196
3841
4041
4090
4068
3916
4013
4058
4036
3993
3871
4002
3885
3985
3950
3995
4045
4092
3987
4078
3987
4099
3852
4129
4075
4083
4054
3948
4004
4251
4031
3795
4106
4037
4260
4123
4074
4007
4019
4015
3949
3944
4168
4015
3926
4025
3971
3920
3940
3973
4114
4067
3728
4000
4046
4097
3985
3907
3919
4111
4134
4134
3944
3921
4065
3955
4064
3938
3959
3944
3961
4027
3985
4003
3897
4057
4028
4029
4077
3952
4104
4181
3953
3988
4199
4018
3944
3897
4108
3909
3878
3815
3991
4033
3900
4025
4022
4080
3964
3994
4220
4273
3988
3822
4186
4129
3970
3990
3863
4006
3980
4098
3941
4248
3986
3989
4007
3924
4200
3939
3920
3936
3908
4051
3968
4041
3891
4224
3987
3979
4155
4111
4076
3882
3815
3780
3955
3914
4117
4047
3971
4080
4073
4212
4114
3983
3933
4100
4201
4037
4135
3943
4268
4230
3770
3946
4025
4078
4005
3846
3953
4048
4039
3979
3970
4030
3812
3881
4088
4074
3972
3885
4011
3875
3945
4045
3894
4088
4093
4108
4097
4115
3842
3870
3916
3989
4166
3997
4156
4102
4009
3944
4096
4064
3932
4069
4094
4067
3965
3968
3810
3946
4046
3904
3995
4237
4142
3979
4121
4037
4023
3911
4037
4135
4026
4248
4042
3974
4029
4098
3885
4115
3991
3923
4095
3951
3935
4047
4050
4303
3921
4060
4042
3856
3964
3931
3985
3996
3998
4053
4009
4094
4036
4049
4148
4033
3919
4121
3944
3937
3820
4173
4022
4115
4064
4090
3771
3965
4064
4157
3898
4176
4000
4108
4065
4119
4028
4341
3958
4125
4045
3990
4122
3962
4007
4077
4037
4247
3913
4087
3878
4081
3937
4094
3936
3902
3745
3867
3953
4318
3915
4211
3892
4128
3961
3874
4049
4068
4048
4150
4247
3956
4139
3825
3918
4105
3996
3869
3993
4223
4166
4101
4075
4084
3993
3920
4029
3954
4061
4028
3973
4045
4007
4054
3810
3998
3854
3816
3978
4060
4057
3888
3857
3933
3976
4179
4088
3911
3884
4026
4146
3807
4164
3955
3853
3962
4209
4022
3985
4005
3979
4004
4093
3974
4220
3983
4041
4112
3945
4007
4106
3976
3961
3971
4014
4088
4053
3913
4135
3945
3963
4116
3966
3949
4005
3819
4045
4067
3899
4009
4067
4068
3916
4139
3967
4208
4024
3963
3992
4061
3947
3973
4196
4067
3807
3894
4167
4015
4271
4073
4100
3997
3976
4082
4161
4118
4131
4025
4064
4118
4064
3992
3926
4088
3973
4025
3909
3895
4027
3755
4041
4043
3917
4035
4055
3967
4022
4135
4185
4148
4006
3915
4176
4085
3890
4132
3840
3910
4035
3945
4208
4144
3979
3997
4058
4048
4110
4042
3831
3835
4010
4176
4133
4002
3958
3773
3952
4038
3987
4003
4056
4003
3991
4195
4031
4093
4079
3782
3882
4005
4012
4043
4078
3923
4077
4070
4094
4140
3953
4192
4117
3982
3903
3916
4032
4082
3976
4063
4001
4009
4056
4226
3810
3792
4010
3887
3962
3827
4015
4044
4116
4063
4106
4207
4285
3893
4007
4028
4213
4030
4096
3908
3875
4058
4160
4021
4048
4103
3961
3970
4018
3876
3969
4124
4138
3917
3891
4018
3968
4191
4135
4333
4171
4051
3904
3970
3770
4237
3980
3977
4255
4225
4126
4001
3952
3963
3927
3933
3998
3843
4154
4000
3927
4086
4146
3943
4080
4284
3975
3767
4078
4150
3926
3911
4016
3911
4020
3881
3809
3933
4051
4059
3737
3922
4104
4172
3860
4114
3829
3861
4151
4068
3873
3933
4020
4023
4060
4120
4054
4117
3942
3911
4079
4081
3840
3942
3974
3922
4049
4132
4141
4024
3967
4034
3876
3929
4138
4137
4008
4034
3810
4160
4060
4050
3987
4022
4080
4164
4073
4120
4104
3795
3655
4028
3937
4067
4009
3876
4043
4073
3946
4146
3993
4201
4004
3946
4200
3971
3853
4041
4035
4152
4009
4039
4158
4080
4247
4104
3972
4072
3984
4152
3860
4074
4166
3801
3956
4036
3981
3912
4110
3967
3863
4003
4054
4082
3956
4165
3899
4156
4029
4248
3949
3962
4104
3839
3959
4035
4015
3981
4256
4076
4262
3876
4045
4184
4060
4016
3911
4023
4013
4049
4071
3740
3984
4192
4141
3865
4006
4025
4052
4072
3959
3982
3985
4078
4109
4065
4016
4030
3859
3838
3964
4086
3973
3950
4087
4040
4136
3985
3948
4061
4255
4200
3973
4082
3972
3985
4089
3958
4108
3971
3870
4115
4039
4077
4215
4047
3957
4121
3912
3722
4162
3964
4262
3917
4102
3966
4041
4080
4097
4065
4095
4148
4039
3956
4004
3998
3888
4077
4229
4054
3972
4089
4059
4038
3935
4042
4010
3822
4295
3973
4036
3972
4060
3834
3798
4062
4082
4028
3987
4085
3982
4034
4120
3886
3852
4123
3999
3911
4221
3822
3901
3828
4126
4174
3964
3998
4022
4164
3951
4037
4051
4097
4396
4096
4122
3987
4029
3932
3998
3856
3920
3848
4062
3918
3927
3991
4122
3984
4019
4074
4169
4160
3992
4258
3815
3865
3916
3860
4083
4058
4147
3940
3909
4017
3882
4149
3925
3995
4124
3961
4116
4015
3941
3905
4041
3987
3963
4044
4065
4185
3968
4125
3912
4314
4126
3918
4119
3896
4141
4005
3967
4009
3997
3921
3992
4098
4274
3986
3830
4036
4139
3984
3887
3932
4116
4233
3933
3916
3778
4014
3970
3991
4026
4128
4011
4104
4010
3889
4121
3969
4093
4104
3901
4075
4023
4104
4011
4094
3912
4055
3981
3910
4090
3935
4097
3901
4014
3951
4195
4103
4138
4083
3892
4127
3955
4061
4086
3828
3879
4097
4047
3929
3880
4207
3945
4006
3898
3958
4242
3921
3904
3954
3902
4107
3974
4069
3993
4158
4019
4069
4143
4004
4103
4008
4088
3924
3986
4058
3858
3886
4096
3915
3972
3989
3936
3871
4071
4183
4274
3951
4279
4036
3756
3833
4109
3975
4018
4155
4206
4045
4208
3999
4274
4093
3988
3840
3893
3939
3919
3969
4095
4049
3963
3984
3832
3913
4012
4219
4056
4064
4140
4263
3898
4129
4033
4069
4112
4043
4013
3970
3881
4162
4106
4177
4003
3923
3986
3926
3948
4016
3971
3943
4141
3934
4037
3973
4109
3979
4074
3804
3851
4037
4035
4129
4147
3892
4015
4141
4014
3954
3920
4016
3899
3892
3993
4025
3832
4090
3930
3998
4069
4297
3910
3996
3946
4106
4218
4027
4247
3995
4107
4023
4045
4090
3815
3960
3939
4032
4011
3879
4184
4134
4033
4116
3953
3941
3947
4229
3935
3939
4149
4024
3962
4041
3957
4090
4144
4089
4211
3924
3973
3966
4137
3882
3975
4085
3870
4017
3943
3790
4078
4078
4217
4011
3821
4135
4030
3989
4126
3947
4118
3855
4104
3925
3891
3989
4023
3921
3951
4173
4069
3989
3972
3876
3872
3988
4101
3886
3931
4050
4075
4021
3968
3952
3991
3891
4041
4104
3913
4182
3987
4061
3888
3974
4032
4157
3989
4046
4121
3984
4003
4026
4037
4016
4127
4034
4161
4014
3886
4042
3938
4117
3981
3918
4024
4101
3790
4000
4223
4177
4236
4097
4084
3894
4059
3932
3864
4072
4072
4340
4128
4148
3886
4188
3868
3932
4040
4033
3988
4046
3937
4088
4107
3954
4013
3994
3904
4062
3830
4022
4092
4006
4054
4025
3966
3917
3974
4056
3957
3989
4006
4155
4168
4174
4074
4036
4050
3760
3970
3969
4119
3903
4114
4051
3854
3979
4074
3978
3838
4130
4163
4133
3952
4067
4024
4084
4220
4175
4012
4050
3946
4021
4020
4034
4074
4042
3894
4070
4175
3951
3882
4001
3989
4040
3978
4115
4094
4017
4135
4060
4221
4012
4187
3945
4041
3953
4063
4067
3982
4183
4128
3953
3981
3816
3992
4037
3895
4084
4166
4149
4031
4054
4104
3980
4049
4017
3804
4009
3996
3895
4079
3835
4162
4000
4126
3907
3965
4005
3870
3988
4103
4077
4044
4069
3936
3997
4008
4163
4042
3983
4032
3823
3949
4073
3967
4019
4061
4135
4009
4117
3832
4095
4054
4155
3939
4172
4068
4201
4095
3854
4007
3982
3921
4030
3945
4003
4199
4111
4035
4158
3969
3967
4092
4035
3825
4005
3849
3806
3963
3859
3929
3988
4176
4007
4021
3942
4078
4042
4141
3996
3993
3895
4090
4165
4004
3886
4195
3946
3916
4131
3928
4152
3955
4059
3942
4135
3971
3933
3793
4018
4120
3987
4184
4256
3900
4010
3808
4021
4106
4115
4172
3954
4120
3876
4079
3943
4077
4009
4176
4231
4033
4139
4078
3927
3919
3959
3987
3781
3944
4059
3980
4098
4065
3998
4171
4067
3935
4125
4142
4006
4014
3974
4030
3948
4002
4056
4142
3984
4268
3871
4345
4206
4133
4026
4062
3913
3993
4182
3952
3843
4049
3979
4018
4040
4062
4021
4021
3929
4045
3976
4119
4380
3913
4011
4221
4047
3913
3900
4010
3980
3903
4019
4097
4050
3903
4064
3861
3902
4174
4236
4124
4015
4066
4014
4192
4152
4133
4030
3912
4118
4036
3972
3930
4099
4023
4028
3941
4151
4018
4186
4115
4005
4073
4101
3938
4005
4063
3861
4000
4076
3828
4077
4031
4127
3952
3913
4027
3881
4113
3947
4029
4155
4090
4218
4087
3815
4099
4046
4090
4010
4099
3992
4085
4003
4077
4151
3891
4036
3944
3971
4114
4099
3885
4025
4204
4043
3970
3975
4007
4043
3778
3959
3852
3951
4078
3932
3817
4074
3834
4023
3989
4017
4158
4075
3958
3946
4098
3725
4143
3754
4209
4244
4051
3906
4004
4108
4011
3912
3821
4147
3938
4048
3929
3936
4205
4129
4179
3829
4023
4255
3973
4000
3913
3996
4050
3970
4021
4065
3941
4113
3938
4056
4148
4036
3958
3910
4063
4085
3950
4184
4126
4135
4258
3993
3934
3906
3956
3918
4043
4084
4180
4050
4103
3861
4010
4117
4103
4111
4006
4008
4195
4256
4043
4109
4050
4193
3962
4110
3895
4102
3946
3990
4343
3961
3963
4088
3822
3965
4146
4112
4002
3951
3971
3978
4061
4033
4085
3959
3993
4180
4072
4268
3925
4060
4016
4112
4088
3905
3984
4092
3864
4019
3937
3988
3995
4096
4044
4082
3986
4138
4086
3830
3982
4107
4104
3952
3903
4061
3953
3899
4049
3942
4048
4035
4091
4147
4216
4085
4027
4032
3885
4160
4193
3969
4150
4045
4136
4188
4043
3858
4141
3968
3819
4048
3949
4028
3966
4014
4073
4035
4113
3990
4004
4132
4208
4024
4072
3869
3912
3977
4018
3905
4029
3971
3984
3774
4102
4067
4153
4047
3882
3956
3778
3863
4232
4147
4088
3944
4024
4061
3925
4046
4212
4130
4069
4011
3978
4056
4082
4038
4163
3893
3801
4047
4132
4138
4142
3945
3937
4072
3980
3851
4075
4141
4113
4074
4043
4097
4154
4016
4054
4092
4022
4139
4059
4023
3921
3974
4236
4250
4026
4130
4187
3791
3924
4185
4001
4119
4119
3973
4003
3952
4000
3778
3883
4075
3840
4037
4132
4058
3839
4115
3886
4153
3953
4074
3978
3867
4020
3935
3910
4168
4163
4043
4222
4046
4087
4060
3969
4054
4017
4051
4158
4045
4104
3951
3886
4147
3832
4070
4019
4011
4036
3847
3947
4038
3861
4040
4127
3994
4174
4043
4074
4013
4041
3814
3841
3980
3909
3912
3972
4026
4181
4004
3858
4165
4050
3909
3985
4031
3947
3909
4022
3916
3996
3990
3941
3941
4117
3999
4030
3945
4058
4028
3954
4068
4009
3964
4171
3871
4044
3998
4215
3915
4080
4024
4048
4079
4051
4090
4067
4095
3867
3933
4097
3933
4125
4091
3847
4022
4032
3919
4015
4067
4028
3987
4064
4071
4026
4056
4074
4032
4142
3860
3966
4189
3907
3805
4201
3912
3933
4026
3967
4006
3911
4064
3953
4116
3890
4126
3828
3913
4050
4064
3937
3906
4105
4049
4102
4170
3929
4158
4065
4019
4096
4055
3991
4047
3820
4047
4040
4126
3961
4127
4048
3783
3956
3834
4058
3861
3911
4059
4094
4153
4193
3937
3889
4094
4154
4306
3983
3965
3978
3970
4076
3934
4057
4044
3971
3852
4091
4047
3950
3866
4005
4022
3995
4097
4013
4225
4171
4026
4102
4118
3859
3973
4063
4074
3902
3974
3966
3939
4127
4003
4005
4089
3960
4113
3985
4266
4079
4086
3967
3975
4002
3929
3929
4120
3987
4039
4177
4035
4032
4140
4054
4105
4101
4011
3984
3982
4023
4186
4067
3836
3859
3910
3847
4062
3907
4156
4165
4127
3998
4128
4088
4048
4148
4110
4172
4121
4122
3969
3946
4052
3946
4126
4105
4082
4093
3974
3944
4001
4130
3977
3971
4148
4142
3995
4070
4004
4086
4063
3909
4083
4096
3942
4032
3975
4060
4045
4235
4077
4050
3773
4040
4058
3909
3977
3818
4131
3907
4183
3987
3990
3946
4041
3805
4088
3966
3875
4080
3921
4110
4095
3907
4105
4092
4142
4124
3980
4053
3872
3977
4058
4155
4094
4025
4167
4031
4170
4143
4193
3910
3955
4065
3896
3947
4045
3986
4250
3950
4143
4095
3930
3908
4012
3905
3970
4230
3725
3947
4090
4186
4050
3972
3926
4234
4153
3954
3983
4010
4015
4011
4068
4132
4065
4047
3930
4033
3871
3813
3964
4042
4187
3897
4140
3881
3999
4012
4212
3888
3910
4045
3947
4031
3963
3821
3856
4001
4068
4310
4098
3897
4096
4059
3982
3940
3894
3922
3848
4120
4020
4146
3965
4077
3931
4078
4034
3905
3809
4028
4143
3995
4146
4019
3862
3968
4008
3997
3910
4011
3950
4028
4139
4036
3924
4196
4131
3879
4131
4015
4013
3831
4089
3943
4067
3953
3875
4112
3959
4146
4034
4062
4186
4166
4097
4032
3997
3872
4081
3891
3968
3832
4060
3953
4148
4039
3932
4170
3941
4107
4057
4082
4110
4000
4211
4078
3932
4004
4101
4006
4031
4087
4100
3990
4153
4032
3942
3993
4054
4041
4075
4120
4220
4012
3897
4010
4080
3963
3932
4157
4177
4096
4091
4045
4092
4051
3878
3925
4035
4098
3901
4051
4195
4100
4063
4120
3763
4026
4136
4027
4023
3958
4095
4099
3919
4005
3979
3941
3856
4035
4248
4176
4162
4002
3895
4108
3876
4150
3951
3972
4052
4115
4024
4026
4160
4017
4013
4065
3916
4051
4071
3808
3839
3913
4105
4067
4091
3918
3977
4150
4044
4073
4111
3974
3995
3974
4155
3931
4207
3936
4273
3928
3968
4052
3925
3971
4073
4027
4028
4102
4293
3835
4171
3864
4080
4082
3973
4075
3857
4058
3982
4045
4123
4126
4035
3902
3973
3955
4021
3938
4161
4035
4100
4283
4252
3944
3834
3833
3922
4054
4051
4061
3717
4081
4107
3902
4197
3984
3879
4037
3944
4012
3792
3970
4078
4002
4154
4031
3950
4057
4221
3859
3935
3978
4006
4047
3971
4010
3983
4043
3854
4041
4140
4181
3878
4167
4021
4121
4131
3873
4024
4129
3907
3847
4120
4091
4024
4022
4140
4040
4026
4165
3985
3964
3890
4013
4208
3936
3998
4049
4014
3964
4085
3925
4005
4001
4157
4011
3893
4061
4035
3910
4088
4297
3995
4195
4026
3996
4103
4117
4062
4086
4119
4132
4167
3973
3966
3937
4040
4225
4022
3979
4021
4055
4058
3945
3904
4060
4048
3921
4043
4008
3922
3991
4019
3993
4021
4009
3911
4160
3964
4141
4117
4007
4030
4093
4059
3990
3951
4169
4048
3977
3870
3743
4159
4111
4010
3908
4035
4052
3905
4082
3930
4024
4124
4106
3986
3862
4416
4091
4072
4118
4041
3982
3757
3923
4009
3903
3965
4109
3794
3808
3963
4053
4124
3808
3837
4010
4071
3923
4028
3961
4143
4224
4168
3839
4017
4157
4057
3976
4133
4000
4087
4102
4137
4018
4144
3979
3983
3987
3977
4029
4252
4089
4188
3901
4163
4099
4081
4116
4004
4312
4130
4077
3867
4091
4111
3989
4057
4082
4143
3959
4070
3894
4115
4216
4043
4034
4134
4152
4055
3914
4111
3896
4098
4023
4080
4085
4147
3933
3827
4156
3995
3947
4169
4024
4014
3941
4025
3844
3944
4003
4023
4091
3924
3956
3922
4053
4104
4113
4007
4029
3991
4076
4019
4095
4062
3891
4059
4008
4011
4033
4037
4162
3973
4022
4046
3993
4165
4189
4191
3999
4115
4099
3927
3975
4177
4033
4232
3998
3942
3880
3946
3730
3990
3953
4219
4014
3905
3939
4089
4027
4088
3904
4026
3940
3903
4195
3879
3959
3985
4434
3948
4019
4071
4044
3855
4186
4098
4051
4092
4261
4169
3913
3998
4345
3968
3976
4297
4191
4030
3976
4196
3863
3905
3953
3781
3811
4086
4017
4034
3823
4051
4181
4210
4077
4124
3925
4000
3995
3807
4169
3960
4007
4038
3844
4017
4008
4030
4122
3865
4135
4037
4050
4075
4004
4082
3922
4178
4185
3844
4019
4009
4031
4023
3883
3984
4022
4093
4051
4188
4004
4034
3935
3808
4017
3913
4094
4096
3972
4126
4021
4043
3784
3961
4134
4042
3858
4139
4022
3941
3925
3880
3988
3936
4100
4101
4068
3967
3911
4089
4014
4050
4085
4034
3998
3991
3904
4119
4031
4069
3904
3934
4067
4051
4115
4025
3935
4028
4048
4049
4118
3952
3990
3968
4250
4031
3973
3933
4150
4033
4112
3998
3956
4064
3953
4045
3914
4154
4173
4116
3968
4134
3974
4112
3937
3902
4123
4063
3994
3818
4005
4128
4352
3923
4028
4094
3836
4013
3980
4058
3994
4107
4090
3881
4053
4118
4158
4106
4042
4073
3917
3908
4018
4136
3901
4153
4057
3997
3924
4112
3964
3931
4062
4162
4022
3883
4103
3872
4009
4109
3938
4119
3967
3887
4040
4049
3939
4014
4160
3981
3848
3901
3961
4118
4025
4110
3943
4148
4224
3900
4170
4024
4107
4200
4119
3918
3837
4107
4179
4072
4126
4185
3941
4051
3992
4120
4063
4213
4311
4137
3871
4183
4034
4124
4148
3911
4210
3979
3970
4003
4152
4011
4050
4037
3761
4008
4058
3925
3901
4171
4235
4064
3900
4138
4038
4065
4203
4237
4013
4133
3990
4066
4113
4012
4095
4090
4063
3949
4052
3899
3994
4108
4001
4038
3914
4105
4033
4239
4089
3946
4009
4022
3923
3957
3961
4123
4103
4001
3861
4203
4043
4015
3888
4055
3875
4003
4030
3861
4002
3981
4208
3879
4035
4211
4034
4078
4015
4047
4029
4219
3967
3860
4248
3983
4041
3905
4126
3879
3983
3793
4108
4260
4055
4124
3964
3941
4024
4163
4084
4023
3890
4013
3991
4190
3986
4203
3992
4101
3940
3993
3938
3894
4078
4005
4012
4028
4132
4148
3771
4029
3999
4236
4023
4079
4092
4073
4022
3852
4049
4130
3917
3986
4082
3945
4163
4021
3992
4028
4066
4245
3902
4040
3928
4051
4129
4167
4132
4106
4074
3934
3942
4125
3854
4035
3871
3812
4084
3928
3972
3844
3837
4054
3950
3954
3969
4071
4104
4053
3965
3853
3980
4155
3948
4140
3945
3829
4038
3983
4049
3957
4089
4017
4013
4067
4065
3994
3948
4252
3856
4116
4119
3721
3979
4091
4021
4150
4160
4087
4117
4209
3980
4151
4084
4329
3977
4087
4128
3618
4152
3920
4088
3919
3999
4079
4021
4081
3894
4225
4129
4117
3984
4046
4034
4003
3929
3991
3853
3847
3918
3916
3897
4155
4234
3865
4180
3865
3925
3957
4123
4107
4007
3963
3987
4136
3965
4023
4165
4224
4224
4185
4007
4100
3927
3834
4119
3802
3954
4015
4078
3967
3968
4006
4140
4281
4119
4042
4126
3908
4023
4042
3916
3938
4069
4042
4152
3966
3966
4070
4035
4221
4098
4158
4006
3948
3896
4000
4102
4080
4175
3996
4026
4033
4186
4116
4094
4008
4008
3943
4033
4016
3975
3930
4133
4022
4142
3936
4029
4301
4160
4077
3932
4020
4107
3964
4143
4092
4040
4152
3796
3974
3924
4009
4147
4045
3932
3920
3968
3961
4206
4017
4236
3781
3938
4113
3822
4015
4274
4188
3995
4155
4141
4273
4054
3969
3849
3860
4091
4081
3970
4069
3983
3744
3835
3927
3910
4044
3888
3930
4014
3932
4047
4151
4046
3875
3921
3954
4018
3989
4025
4029
3876
3828
3947
4056
4114
3901
4055
3944
4154
3888
4064
4080
3979
3956
4068
4073
4031
4093
3888
3950
4098
3818
4024
3834
3900
4104
4040
3963
4235
4155
4126
4109
3958
3792
4063
4197
4168
3939
4030
4075
4037
4174
3949
4038
3963
3890
4048
4055
3963
4080
3961
3974
3987
4186
3997
4059
4214
3993
4041
3933
4188
4032
3902
3886
4064
4098
3966
3916
3894
4082
4151
3903
4375
4069
3984
4194
4208
3905
4076
3905
4097
4135
4049
4148
4027
3965
4060
4186
4110
3943
3965
3924
4112
4101
3978
4011
4151
3992
3806
4098
3944
3973
4042
4204
4067
4211
4109
4101
4158
3910
4020
3913
4107
4068
4063
4045
3831
4077
4223
4009
4013
4095
4095
3831
4127
4011
4021
4041
3891
4211
3970
4051
4068
3838
4152
4036
3825
3937
4204
4166
3892
4123
3877
4181
4023
4095
4070
4091
4195
3865
4090
4059
4052
4214
3903
4059
3903
4113
4123
4007
4137
4119
3940
4026
3952
4081
3918
4029
3888
4008
3974
3998
4061
4272
3919
4078
4074
4035
3828
4059
4054
3843
3891
4154
4091
4017
4155
4062
4150
4164
4013
4092
3977
3942
4158
3865
4029
4312
4023
3945
4085
3922
4160
3966
3955
3962
3938
4113
4007
4109
4058
3922
4020
3892
4045
3990
3940
4086
4191
4058
3974
4101
4262
3979
3946
4020
4055
3968
4022
3954
4011
4062
3901
4130
4146
3863
3991
4023
4085
3957
4126
3946
3927
3998
4157
4120
4152
3893
4220
4069
4157
3937
4008
4095
3835
4043
4161
3993
4104
4057
3878
4133
3924
4084
3906
3860
4050
3984
3861
3940
4108
3904
4002
4106
3882
4030
4097
3950
4050
3960
3894
3874
4157
4060
3770
3972
3970
3828
3985
4051
4027
4021
4331
4135
3964
3846
3928
3981
4083
4142
3980
3926
3978
4110
3841
4224
3996
4007
3950
4133
3935
4022
3988
3910
4208
3981
3913
4139
3889
3879
4262
3993
4210
4084
3875
4001
3991
3833
4211
4106
4014
4259
3998
3891
4051
4148
4341
4163
4080
3842
3977
3893
3999
3941
4027
3906
4092
4110
4054
4020
4061
4203
3863
4126
4239
4085
4218
3983
3956
3919
4019
4075
4098
4039
4091
4025
4266
3874
3950
4040
4086
4161
4231
4054
4025
3883
3941
3998
4195
3909
4197
3973
3907
3854
4009
4152
3975
4205
4096
4078
3988
3901
4121
3832
4102
3824
3875
4218
4042
4096
4109
4137
3902
4097
4109
3964
4160
3972
4068
4064
4110
4086
4077
3839
3832
4171
4025
3870
3844
4113
4059
4105
3841
4034
4072
4106
4108
4127
3904
3941
4099
3954
4057
4100
3957
4128
4025
3937
4011
4119
4313
4000
4064
4067
3843
4026
3978
3890
3764
4080
3982
3985
4200
3897
4018
3966
3999
3943
4037
3897
4100
3912
3963
3895
4012
3981
3978
3990
4030
4134
3957
4127
4050
3885
3978
4023
3958
3983
4018
4163
3934
3886
4269
3973
4015
4215
3993
3803
3884
3994
3972
4001
3948
3947
4074
4127
3991
4121
4204
4153
4128
4008
3772
3801
4150
3978
3917
4242
3871
3969
3949
3936
4193
3987
4196
4039
4090
3964
4024
4039
4062
4025
4080
4191
3954
3921
4132
4159
4094
4098
4114
3950
4026
3976
3908
3812
4063
4226
3816
4073
4237
4010
4183
3995
3941
4112
4037
4203
4066
3990
4055
4049
4086
4110
3997
4103
3906
3974
3930
3912
4093
3997
4117
3970
3988
4177
4092
4092
3971
4149
4146
3979
4107
4121
4122
4286
3918
3851
4116
4112
3880
4108
4059
4046
3924
4116
4258
3829
4110
4100
4123
4031
3954
3938
3903
4196
4013
3773
4139
4171
4015
3879
3945
3869
4143
3950
3863
4093
4104
3899
4106
4009
4070
3921
3843
4079
3933
4066
4086
4015
4195
3992
3897
3946
3939
3991
3965
3943
3866
3884
4075
3997
3934
4011
4176
3922
4139
3923
3887
4124
4042
4037
4130
4036
4074
3906
4093
4167
4067
4015
4121
4267
3897
4216
4092
3959
4275
4039
4029
4127
3928
3955
4231
4120
4168
3944
3820
4033
4238
4132
3905
4008
4087
3989
3956
4094
4009
4094
4153
3991
4185
4027
4237
4140
4085
4089
4149
4005
3992
3963
3915
4015
3973
3908
3855
3991
3774
4258
4120
4060
3944
4012
4045
4049
3865
3978
3852
4101
3891
4009
3940
4041
4010
4109
3951
3946
3860
4056
4024
4255
4049
4282
4045
3967
3901
3922
4040
3969
3953
4178
4059
4010
3896
4034
3944
3976
3912
4012
4120
4041
4135
3974
4020
4085
4078
4080
4041
4242
4290
3983
3998
4095
3977
3990
3941
4020
4060
3985
3980
3934
3960
3891
3781
3889
4242
4117
3840
3899
4016
3998
4068
4177
4015
3953
4110
3965
3950
3998
3835
3952
3808
4147
3880
3979
3971
4096
4175
3978
3863
3908
4013
4156
4057
4054
3789
3997
4008
3767
3992
4036
3907
4046
3998
3943
4029
4026
4114
4047
4075
3935
3949
3989
3841
4001
4041
4010
4095
4084
4132
3880
4050
4236
4195
4105
3978
3915
3995
4121
4210
4009
4175
4040
3976
4112
4165
4234
3957
3999
4057
4004
4145
4065
4109
4005
3987
4036
3971
3845
3971
4161
3965
4059
4169
4117
4115
4086
4113
4157
3993
4224
4106
3888
3865
4166
3884
4074
3903
3888
4090
3976
4056
3963
3901
4003
4175
4003
3995
3807
3917
4108
4300
3982
4011
4027
3904
3985
3994
3937
3878
4062
4058
3896
4043
3804
4186
3971
3928
4037
3966
4005
4033
3987
4060
3926
4091
4066
4223
3893
3846
4102
3899
3953
4086
3833
3847
3906
4045
3910
4001
4014
3984
3915
4059
4110
4139
3920
4108
4129
3811
4046
4051
4174
3998
4215
3977
3813
3993
4102
4229
4088
4066
4163
3962
4159
3974
3794
3877
3965
4022
4117
3998
4160
3918
4015
4114
4259
4024
3909
4065
3910
4103
4114
3982
3886
3967
3943
4046
4095
4018
3882
4048
4032
3888
4036
4078
3858
3859
4026
3994
4051
3962
4009
4032
3893
4081
4049
3867
4215
3886
3793
3906
3919
4074
3800
3888
4052
4010
3946
3968
3882
4027
4125
4044
3800
3994
3957
4005
3987
3848
4035
3837
3942
3997
4110
4013
3830
4093
4122
4111
4118
4227
4225
3846
4086
4017
4174
3928
4087
3903
4138
4102
3909
3976
4222
4051
4183
4141
3809
4058
3992
4198
3909
4088
3961
3904
3982
4182
4038
4372
3877
4218
3849
3988
3895
3858
3983
4055
4034
3788
4051
3997
4009
4080
4038
3901
4155
4092
3955
4094
4045
4070
3816
4058
4208
4006
4093
4196
3902
4029
3837
3869
4140
4051
3929
3990
4136
4025
3909
4051
4077
4142
3936
4013
3904
4204
3928
4127
4127
3990
4072
4171
3933
4131
4016
4041
3966
3941
4121
4107
4013
3867
3982
3889
4177
4111
3999
4108
4017
3907
4081
4117
4053
4238
3963
4029
3976
3966
4049
4106
4024
4100
4011
4051
4129
4052
4098
4091
3861
4128
4010
4153
4010
4026
4054
3858
3952
4064
4173
4047
3823
3962
4167
4105
4075
4258
3962
4208
3974
4000
3853
4104
4026
4141
3910
3993
4119
4104
4003
4022
4060
4067
4018
4035
4012
4098
4030
4307
4034
4144
4018
4132
3904
3861
4077
4077
3839
3917
3960
4144
3851
4146
3909
4131
4029
4273
4240
4147
4013
4075
4164
4070
4072
4011
4247
4140
4057
4101
4120
4054
4156
3825
4033
3876
4087
4131
4058
4037
4249
4054
3926
3956
4012
4192
4035
3987
4182
3929
3972
4169
4004
4147
4012
3957
3988
4016
3911
3889
4029
4036
3932
4015
4154
3906
3937
4200
4008
4058
4165
4062
3932
4045
4005
4110
3933
3835
4089
3919
4162
4088
4058
3994
4016
4119
4017
4107
4204
4270
3920
4123
4006
4096
3945
4047
3866
3975
4068
4097
4074
3980
4038
3936
4126
4058
4175
4078
4046
3953
4127
4015
4023
4046
4016
3962
3900
3888
3983
4089
3961
4019
4034
4081
3892
4006
3964
4090
4254
3929
4004
3874
3816
4202
3997
4039
4193
4095
4154
3846
4062
3877
3932
3944
3955
4057
4044
4059
4001
4119
4072
4151
4074
3964
4238
3972
3921
4137
4020
3934
4031
3917
4121
3971
4173
3851
4009
3895
4007
3906
3987
4049
4091
3961
4208
4156
4064
4015
3936
4069
3895
3924
4053
3922
3794
4079
4323
4057
3929
4029
3963
3860
4151
3895
4172
4135
4085
3989
3961
4114
4020
4140
3924
4171
4139
4080
3954
3974
4037
3975
4036
3914
3894
3978
3837
4045
3909
3863
4013
3804
4088
4080
3813
3992
4038
4149
4202
4068
4042
4046
4176
3863
4179
4164
3895
3986
4256
3982
4054
3914
3971
4018
3939
4062
4216
3941
3899
4177
3871
3892
4105
4235
3910
4181
3898
4050
4038
3873
3784
3919
4040
3956
4020
4140
4188
4113
4055
4011
3929
4002
4124
4030
3975
4183
3976
3931
3964
4312
4059
3935
4190
4119
4205
4007
3977
3972
3955
4079
3957
4133
4068
3998
3826
3907
4282
4122
4115
4141
3786
3791
4156
4054
3982
3997
3797
3972
4183
3770
3915
4345
4033
4097
3869
3887
3986
3951
3975
4029
3987
3880
3955
4030
3989
3972
4027
4168
3837
3930
4335
4023
4062
4118
4114
4136
4029
4162
4118
4083
4214
4178
3994
4091
4027
4093
3981
3893
4145
4067
3941
3932
3831
3918
4070
4026
3861
4011
4079
3988
4057
4057
4153
4002
4056
3978
4104
4127
4159
4052
3982
3972
4118
3910
4142
4078
4187
4040
4052
4101
3859
3964
4077
3783
3885
3921
4148
3998
4039
3992
4131
3998
4045
3819
4045
4009
3990
4080
4192
4162
3882
3889
4071
3860
3887
4015
3880
4011
3846
3956
3955
4265
3930
3975
4118
4131
4089
3980
4093
4150
3994
4041
4048
3992
4271
3894
3922
3890
4083
3984
3890
4022
3937
4148
4017
4064
3985
3970
3813
4096
4311
3914
3852
4049
4034
3937
4096
4142
4053
4024
4019
4058
3993
3818
3891
3904
4048
3935
3913
4089
3937
4070
4078
4242
3985
4010
3943
3954
4001
4079
3956
3975
3879
4222
4085
4058
3920
4022
3972
3905
4108
3869
4087
3903
4067
4153
3975
3912
4085
4051
4254
4219
4046
3934
4192
3939
3957
4039
4014
3942
4171
4011
4110
4009
4116
4064
3937
4224
4029
4187
4072
3802
4032
4006
4009
3889
3937
3992
4027
3992
4075
3981
4027
4054
4231
3825
3938
3909
3955
3956
4189
4152
4155
3965
4047
4071
4056
4191
4167
3902
4093
3985
4015
4085
4044
4022
4064
4258
4290
4100
4103
3881
4167
3955
4237
4073
4125
3972
4076
3954
4070
4065
3949
4065
4133
4219
4142
4130
4108
4234
3988
4198
4125
4036
4042
4048
3924
4333
4197
4092
4079
4063
3807
4098
3922
3881
4066
4093
3779
4099
4074
4065
3985
3823
4054
4144
3948
4069
3994
4064
3963
3994
3801
3868
3969
3966
3931
4059
4110
4036
4034
3957
4005
4046
3877
4097
4036
4284
4057
4113
3986
3980
3965
4012
3887
4006
4129
4113
4157
3929
4162
3862
3993
4123
4161
3991
4119
4194
4238
4245
4064
3993
3817
4056
4023
3984
4177
3977
3858
4087
4200
4024
4019
4123
3881
4059
3896
4070
4099
4045
3955
4132
3886
4169
4116
4146
4101
3863
4189
4028
4018
4002
3975
4078
4157
4135
4106
3958
3909
4062
4007
4014
4195
4063
4012
3948
4022
3933
4002
4331
4271
4310
4091
4016
3980
3959
4088
4208
3919
4021
3992
4079
4069
4004
4147
4001
3896
3963
3912
4007
3950
4150
3920
4002
3893
4177
4372
4028
4026
4026
4054
4168
3995
3881
4118
4121
4191
3905
4066
4129
3971
4002
3982
4133
3838
3929
3776
4037
4056
3859
3831
4037
4143
4072
4087
3995
3837
3862
3986
4233
4045
4050
4156
4289
4092
4021
4168
3795
3846
3961
3910
3964
3948
4157
4027
4117
4155
4239
4090
3990
4160
3962
4034
3979
4102
4035
4043
4150
3914
4184
3658
3914
4064
4005
3907
3869
3898
3910
3931
3835
4011
3903
4053
3807
4040
3972
4059
4048
3909
3980
3934
4126
3957
4148
4027
4052
3992
4047
3932
4056
3891
3941
4070
3987
3875
3982
3992
4193
4176
4038
4191
3970
3872
3896
4092
4191
3950
3931
3915
4164
3996
4112
3842
3966
4161
4121
4006
3896
4112
3984
3832
3971
3974
3993
3937
4175
3894
4031
3908
4017
4029
4165
3985
4131
3924
4190
4100
4126
3978
3906
3952
3897
4011
3913
3963
3926
4011
3857
3957
4111
3939
3873
4033
3985
3855
4034
4039
3849
4140
4188
4247
3995
3911
3942
3808
4078
4115
3903
3973
4120
3989
3894
4187
3970
3965
3964
4084
4149
4069
4017
4180
4184
3848
3861
4026
3926
4049
4115
3999
4059
4036
4202
4140
3981
3973
3766
3987
3874
3932
4093
4036
4019
3975
4128
4032
3956
4209
3890
3840
4011
4108
3924
4132
4080
4060
4036
4033
4105
4010
4031
4197
3939
3924
3928
3885
4094
4105
3882
4156
4012
3968
4067
3999
4190
4042
4219
4021
3986
4073
4003
3932
4008
4050
3975
3904
3860
4263
3907
3980
4212
3912
4082
4034
3872
4073
3766
4199
4148
4032
4282
3757
4036
3918
3927
4070
3911
4074
4178
3787
4012
4030
3885
4082
4094
4011
3971
3976
3988
3939
3897
4120
4086
4063
4047
4047
4010
3987
4055
3676
4035
3912
3950
3988
4068
3890
3864
4070
4059
3980
4042
4081
4165
3976
3811
3941
4122
4123
3996
3974
4122
4074
4071
3997
3998
4127
4024
4047
4088
4008
4041
3935
4166
4074
3951
4032
4019
4169
4079
4170
3909
4088
4084
4096
4032
4023
4082
3951
4073
3959
3975
3944
4107
3910
4025
4062
4085
4018
4128
4188
3929
3908
4112
4032
4140
3934
4134
4072
4150
4218
3770
3965
4084
3777
3863
4006
3991
3989
4023
3968
3951
4100
4130
3915
3938
3973
4126
3919
4141
4185
4134
4091
4039
3810
3923
3982
3803
4184
4218
3797
4221
3897
3922
3767
3879
3987
3959
4015
3948
4186
3911
3907
3853
4192
4077
4041
4187
4182
3776
4186
4123
4140
3802
3897
4185
4000
3816
4303
4103
3916
4032
3860
3960
3828
4102
3810
3910
4224
3829
3892
3992
3981
4029
4227
3983
3981
4045
3881
4113
3961
4281
4013
4160
4104
4004
4116
3889
3899
4140
3961
3955
3928
3971
3933
3903
3910
4071
4123
4104
3834
3969
3961
4131
3842
3898
4071
4055
4117
4138
4152
4039
4198
3950
3977
4109
3997
3845
4051
4095
4060
4176
4250
3951
4129
3876
4184
4024
4116
4187
3885
4154
4135
4088
4077
4159
4189
3967
3883
4029
3819
4129
4109
3998
4032
4084
3994
3980
4090
4066
4002
4058
3971
3948
4188
4021
4054
3848
4048
3964
4005
4132
4017
4037
3802
3908
4088
4037
4090
4261
3808
4047
4100
3986
4052
3920
4125
4008
4247
3929
4034
3833
3885
3977
4013
3849
4061
3979
4106
4073
4052
4067
4137
3997
3966
4090
4030
3902
3990
3707
4059
4079
3875
3852
3868
3896
3844
4040
4069
4262
4035
3882
3934
4063
3975
4097
4064
4006
3941
3851
3928
4003
3937
3953
3954
4026
3873
4150
4128
4020
3952
3962
4170
4102
4020
4044
4056
3914
4088
4102
4136
4186
4111
3811
4004
4117
4090
3947
3946
3968
4124
4105
3843
4062
4085
3964
3792
3844
4058
4054
4124
4032
3987
4140
4164
4074
4113
4098
4149
4052
4027
4112
4274
3897
4124
3969
3924
4085
3985
3907
4231
4017
4021
3938
3911
4038
3901
4094
3959
3920
4216
4001
4089
4035
3891
3898
4025
4060
4236
3966
4034
4043
4032
4039
4031
3847
4071
3899
3802
4108
4243
3986
4013
4057
4025
4136
4001
4118
4051
3921
4151
4087
4101
4056
4132
3891
3832
4023
3896
4031
4095
4069
4119
3961
4032
4149
4159
3942
3903
4028
4036
4150
3991
4086
4171
4053
3863
3980
3795
4012
3909
3877
4095
4118
4042
3889
3830
4022
3916
4056
4018
4208
4095
4033
4035
3942
4024
4105
3982
4096
4099
4251
3999
4066
3863
3915
3762
3850
4129
4257
4118
4109
3974
4030
4008
4043
3914
4068
3979
4115
4029
3963
4004
3788
4049
3996
3964
3935
3999
3989
3856
4023
4130
4123
3828
4020
3903
4046
3961
4002
4192
3982
3804
3817
4002
4114
4078
4050
3872
4037
4024
3893
3969
3970
3918
4206
4120
4059
4059
3913
3778
4101
3966
4035
3826
4057
4039
4002
3974
3917
3990
4137
3973
3982
3915
4002
4087
3983
3816
3909
4109
3896
4093
3991
4028
3856
4034
4029
4249
3991
3926
4376
4129
4185
4028
4044
3966
3968
4123
3867
3995
4009
3934
3929
3972
4011
3796
4069
3877
4140
3978
3891
3726
4150
3980
4017
3921
4057
4063
3948
3854
3668
3988
3986
3983
4046
4094
3913
3864
3802
3959
4101
3915
4221
4155
4024
3868
4101
4250
3955
4073
4083
3753
4153
4062
4219
3859
4196
3839
3898
3920
3909
4164
3895
3946
4063
4190
4205
4116
3976
3936
4065
4122
4232
3842
3950
4009
3835
4069
3874
3988
3984
4181
3885
3902
4322
4185
4224
4023
4142
3934
4088
4149
3809
4086
3936
4160
4073
3938
4015
4224
4319
3915
4142
4273
3960
4012
4017
3793
3952
3769
4092
4012
3959
3903
3930
3809
3799
3933
4019
4152
3922
4052
3970
4094
4032
4065
4095
4117
3959
4061
3998
3949
4052
4160
4165
4028
4082
4016
4018
4182
3882
3989
3907
3825
4085
3937
4165
4116
3936
4056
3999
3985
4018
4039
3940
4089
4069
4148
3991
4005
4166
4035
4049
3989
4010
4096
4105
4076
4173
4125
3823
4037
4015
4052
3962
4071
4135
4068
4096
3976
4005
4032
3980
4021
3954
4047
4073
3910
3991
4045
4071
4126
3935
3947
4103
3985
3897
3900
4071
4115
4029
3898
4054
4056
4060
4151
3982
4133
4096
4016
4147
3992
4020
4011
3983
4118
4068
4033
4177
4131
4012
4280
3991
4003
3971
3865
4117
4007
4058
4133
4157
3911
3983
4028
3868
4077
4024
3949
4045
4109
4103
4297
3930
3944
4061
4002
3962
4010
3887
4072
4206
4116
4023
4129
4322
4053
4103
3959
3989
4256
4139
3923
3992
3892
4167
3981
4048
3698
3942
4165
4285
4093
4155
4134
3990
4128
4014
4020
4104
4190
4095
3967
4104
3824
4020
3897
4228
4051
4051
4161
4185
3793
3864
4015
3966
3990
3809
3852
3933
4138
3992
4154
4122
3990
4040
4232
4114
3906
3818
4101
4091
3998
4058
4055
4233
3736
3927
4156
4072
3883
4051
3957
3929
4109
4037
3854
3907
3902
3973
4052
3851
4000
4003
4032
3847
4075
3812
3829
4231
4079
3923
3944
4073
4079
4104
4245
3896
3812
4064
3990
3992
3879
3901
3877
4129
4012
4028
3881
4204
3849
4014
4125
4086
4074
3906
4116
3967
3990
4044
3989
3975
4013
4138
4107
3919
4091
3910
3938
4110
4128
3857
3951
4114
4159
4066
4097
3900
4047
3938
3808
4015
4126
4177
4136
4135
4081
4084
4011
3938
3869
3959
4088
3969
3941
3941
4100
3999
3984
4304
3918
4113
4141
4072
4316
4030
4046
4039
4010
4157
3992
4041
4237
4211
4188
3925
4030
4170
4064
4003
3976
4146
3969
4148
3998
4028
4040
4038
4130
4005
3975
4118
4186
4117
4193
4005
4017
4024
3890
4078
3962
4090
3954
4141
3997
3842
3964
3972
3923
3940
3960
4019
3916
4141
3878
4020
3970
3814
3968
4107
3910
4078
4181
3973
3957
4010
3867
4050
4081
4037
4012
3972
3841
3917
4097
3974
3980
4036
3900
4078
3916
4124
4057
4012
3822
4098
4064
4089
3938
4035
3935
4210
3885
4064
4040
3947
4108
4005
4032
4082
4013
4047
4077
3899
3967
4021
4003
4005
3847
4049
4062
4171
4025
3833
3911
4193
4137
4048
3943
3944
3797
3901
3767
4298
4122
4102
3985
4001
3990
4180
3918
4054
3922
4070
3984
3991
3912
4010
4142
3867
4084
4089
4043
4057
4120
4084
4037
3963
4061
4002
3785
4225
3898
3929
4053
3986
4092
4048
4051
4017
3914
3890
4040
3957
3962
4143
4017
4086
3862
4037
3947
3996
4208
4018
4103
4048
3930
3915
4142
4154
4128
4048
4027
4024
3978
4240
4008
4011
4123
3989
4190
4157
4013
4001
4019
4146
3767
3926
4010
4189
4006
4225
4042
4045
4023
3770
4023
3864
3821
4145
4104
4185
4028
3920
4013
3959
4130
3997
4101
4017
4055
4162
4011
4060
4152
3998
3946
4153
3842
3964
4104
3772
4093
3935
4012
3854
4042
4019
4195
3993
3933
3925
4141
4103
4098
4114
4049
4123
4133
4144
4054
4035
4228
4062
4071
3975
4041
4074
4234
4008
4005
3980
4007
4036
4074
4190
4029
4115
3905
4108
3932
4021
4059
4067
4143
3944
4014
4011
3860
4154
4033
3951
3892
4029
4008
4090
3924
4041
4050
3959
3913
4127
3880
4083
3996
4274
4278
4126
4016
3982
4028
4028
4043
3958
3870
4159
3895
4140
3950
4024
4273
4199
3951
3948
3895
3957
4141
4201
4133
4075
4000
4084
4032
4060
4067
4037
4176
3949
4018
4112
4098
4073
3914
3947
4099
4037
4105
4018
3876
3829
4014
4068
4084
4032
4108
3968
3827
3952
4022
3878
4086
3852
4041
4063
3997
4068
3981
3919
3932
4107
4088
3953
3973
3916
4093
3867
4006
3997
4158
3879
3963
3884
4001
4007
4092
4006
4145
4076
4071
3894
3933
3909
3931
4112
3984
4098
4124
3999
3891
4111
3979
4010
4249
4083
3955
4030
3962
3897
4074
4308
3970
3960
4119
4011
3983
4044
3987
4018
3916
3953
4252
4211
4116
4032
3975
3799
3972
3881
4060
4100
3917
4254
4067
4222
4103
3954
3781
3922
4005
4173
3926
4027
3863
3975
4235
4114
3912
4075
3821
4103
4051
4131
3925
4094
4264
3964
4172
4002
3977
3955
4022
4043
4009
4044
3826
4055
4215
3899
4054
4042
3915
4111
4031
4088
3983
4019
3939
4175
3901
4231
4156
4008
3832
4152
3993
3927
4130
4111
4092
4183
4069
4089
3965
3819
3951
4008
4093
3832
4001
4004
4065
3918
4053
4207
4097
3990
3906
4076
3973
4104
4110
4023
3713
3818
4058
4205
4058
3936
4022
4037
3907
4005
3860
4002
4059
4021
4139
4084
4054
3985
4079
4021
3866
3954
3966
4017
4057
3958
3983
3813
4000
3998
3914
4056
3901
4017
4003
3986
3988
4207
4240
3809
3944
3788
3988
3944
3990
4126
3932
3925
3912
3984
3952
4124
4185
3843
3889
4008
3918
4030
3893
4201
3768
3927
3941
3935
3946
3766
3939
3983
3885
4019
3940
4080
4040
3947
3955
4073
4062
3808
3994
4157
4032
3953
3890
4056
4076
4017
4037
4139
4013
4033
3917
4014
3822
4034
3917
4031
3886
3930
3851
4090
4073
4235
4208
3803
3949
3945
3997
4148
4058
4088
4025
3987
4132
4100
4091
4000
4032
4161
3944
4197
4108
4195
3796
3880
4109
4064
3975
4033
3890
3883
4057
3993
3999
3886
4116
3877
4124
4182
4076
3925
3962
4017
4039
4046
4098
4151
3858
3911
3954
3983
4204
3997
3875
3967
4081
4007
4112
3868
3999
4032
3932
3920
3898
4043
3974
4230
4100
4166
3926
4119
3923
3914
4023
4065
4096
4062
4027
3999
3901
4059
3978
3972
3984
3913
4158
4025
3755
4132
4125
3944
4010
4103
4014
3798
3987
3993
4265
3927
3835
4155
4060
4116
3988
3998
4159
3810
4121
3978
4226
4182
4100
3851
3839
4143
3933
3948
4197
4015
3958
3995
4066
4013
3963
3993
4021
4146
3987
4091
4107
3895
4139
4004
4025
3914
3926
4204
4123
3942
4147
4048
4121
3996
3982
4064
4082
4128
4116
4027
3985
4024
3873
4087
3820
4040
4146
4033
4144
3941
4006
4164
3936
4081
4023
4169
4031
4070
4074
4051
3787
4082
3941
3719
4107
3802
4160
4047
4104
4064
3950
4123
3854
4064
4108
4152
4116
4070
3861
4080
3980
4044
3829
4238
3947
3980
4057
3959
4089
3893
4170
3957
4269
4137
4003
4099
4048
3953
3995
4037
3973
3977
3709
3982
4022
3982
4054
3938
4046
4254
4130
4040
3927
4121
4036
4081
4031
4191
4030
3851
3958
4132
4008
4075
4043
3947
3967
3999
4155
4043
3992
3910
4099
3970
3960
4034
3998
3853
4051
4098
4070
4026
3937
3820
4058
4078
4143
4134
4208
4087
3890
4116
4162
3942
3875
4070
4087
4121
4008
3976
3993
3961
4137
3924
4063
4002
3838
4214
3870
4045
4273
4027
4025
4039
3971
4112
4041
3985
3973
3901
4026
3990
4155
4114
4033
3917
3974
3881
4219
4016
4069
4210
4144
3774
4009
4042
3924
4072
4253
4236
3926
4107
4128
3822
4175
4001
4004
4019
4123
3790
4151
3906
4017
4028
4035
3883
4114
3878
3978
3987
4196
3961
3988
3855
4259
3869
3839
3983
4010
4044
3915
3896
3866
4070
4214
4008
3965
4060
4232
4256
4002
3970
3817
3783
4024
4214
3980
4168
4128
4048
3945
4138
4033
3876
3807
3928
4043
3990
4015
4043
4104
4073
3996
4050
4030
4064
4148
4038
4089
3939
4099
3972
3972
4116
3839
4054
4271
3904
4078
4053
3909
4040
3948
4024
4035
4197
3978
3961
4206
3979
4108
3939
3810
3838
4114
3748
4114
4105
4099
3899
4141
3935
4110
4010
4146
4072
4239
3988
4030
4090
4132
3927
4012
3976
4016
3873
4084
4190
4094
3966
3947
3830
3889
4049
3977
4045
3940
4170
4238
3948
4036
3811
3927
3973
3890
3605
4013
4049
4077
3941
3998
3973
4008
4141
4053
4006
4107
4008
3975
4119
4005
3903
4180
3984
3957
4324
3921
3806
3901
3884
3912
4020
4104
3896
3952
4147
4079
3822
4010
3879
4070
3956
3866
3913
3950
4040
3953
3905
3836
4097
3898
3925
4197
4073
4258
4267
4008
3731
4075
4162
4091
3956
4143
4006
4259
3922
4004
3960
3895
3899
4142
4097
4211
4109
3923
3938
3921
4112
4083
3950
3982
4061
3956
4072
3926
3914
4102
3984
3981
3881
4027
4119
3985
4096
3964
4017
3884
4209
4052
4023
4154
3980
4037
3835
4077
3974
3992
4046
3903
3971
4090
4131
3901
3963
4081
4079
3825
4104
4060
3995
4228
4010
4254
4081
4099
3884
4008
3872
4040
3926
3860
4164
3975
4204
4454
3879
4145
3957
3912
4019
4086
3981
4126
4125
3984
4050
3938
4073
4239
4000
3989
4071
3997
3975
3856
4226
3787
4001
4013
3937
4113
3973
3877
3922
4002
3873
4145
3905
4130
3912
4033
3905
4077
4046
4084
3821
4041
4057
4080
3870
4273
4123
3957
3928
4023
4095
3978
4327
4072
4094
4084
3945
4050
3979
4071
3873
3747
3890
3954
3947
4143
3948
4127
3977
3862
4018
4065
4046
4108
4103
4057
4133
3957
4076
3924
4123
4141
3902
3916
4085
4068
3922
3995
4128
3966
3885
3855
4035
4073
3979
4074
4027
4022
3992
4164
4095
3986
3993
3967
3903
3982
4143
4038
3916
4175
3756
4022
4040
4000
3892
4034
3662
3923
4241
3938
4104
4119
3938
4031
4118
4110
3997
4039
3963
3968
4099
3943
3800
4042
4140
4073
4301
4204
4026
4099
3960
3803
3928
4074
3885
4062
3915
3889
4081
3927
4062
4057
4114
4009
4055
4096
4161
3957
4117
4043
3873
4062
3940
4071
3895
4020
4121
4101
4112
4008
3888
3981
3823
4121
4092
4090
4142
4057
3900
3855
4062
4077
4128
3955
4161
3867
4052
4023
4223
4024
4143
4054
3961
4152
3999
3958
3928
3846
4097
3896
4170
4010
4029
4023
4063
4000
3828
4121
4122
3905
4123
3967
3939
4173
4103
3913
4038
4007
3974
4086
4243
4009
4099
3957
4050
4007
3998
3868
4047
3922
4092
3930
3984
3852
3969
4011
4060
3996
3971
4108
4067
4295
4025
4015
3969
4137
4080
4112
3883
3898
3922
4070
4065
4245
4051
4041
4027
4017
3866
4118
3979
4191
4174
4178
3875
3954
4067
3906
3875
3789
4025
4088
3998
4176
4089
3970
4112
4068
4118
3916
4044
4099
3982
3889
4161
4073
4044
3909
3929
3943
4211
3989
4234
3973
3829
3843
4157
4103
3964
4019
4108
3887
3984
4005
4313
4164
3869
4170
4084
4154
3994
3951
4355
3930
4133
3952
3864
4103
3914
4111
4062
4143
4014
3961
4191
3948
3896
3843
3978
4073
3976
4004
4062
3797
4071
4057
3881
3713
4085
3900
3853
4013
3807
4079
4095
3922
3946
3970
4047
4106
4090
3951
3937
3933
3931
4075
3906
3972
3944
3878
4047
4073
4099
3990
4010
3818
4025
3989
3862
4034
3996
4082
4137
3941
4087
4234
4080
3958
4080
4068
4033
3873
4105
3927
4139
4013
4074
4098
4126
3989
3909
4054
3968
3875
3892
4141
4083
4012
4096
4239
4128
4072
3946
4112
4224
4065
4015
4228
3728
4009
4144
4104
4049
4026
4055
3873
4034
3962
4152
4137
4133
4254
3933
3815
4007
4007
4120
4052
3940
4046
4047
4065
4010
3889
3974
3993
4070
4144
4039
3859
4036
4074
4142
4133
4097
3844
4203
3903
4055
4121
4134
4036
3971
3874
4049
3958
4088
4269
4061
4095
3949
4093
3939
4030
3917
4026
4028
3926
3950
4057
3966
4008
4134
4026
3701
3956
3879
4025
3997
4203
4052
4068
3960
3967
3942
4079
4001
3728
3897
3988
4161
3995
4009
3922
3981
4075
3826
4082
4178
4009
3992
3977
4026
4176
4090
3933
4028
3750
3963
3998
4140
3876
4004
4086
4088
4039
3892
3904
3900
4071
4055
3925
4085
4018
4015
3970
3922
3993
4159
3964
3861
3976
4115
3962
4138
3882
4010
3961
4132
3863
4242
4086
3933
3973
4161
4055
4012
4052
3945
4167
3964
4053
4040
4013
3933
4066
3995
4033
4037
4015
4045
4021
3896
4117
4084
3999
4057
4161
4048
4066
3854
3998
4007
4120
3978
3900
4015
4110
4005
4274
4172
3939
4236
4100
4077
4037
3915
4053
3990
4230
4035
4020
3980
3920
4104
3980
3997
4012
4161
3827
4092
3939
3970
3888
4080
4080
3999
4013
3921
3853
3989
3920
4040
3996
4028
4091
4042
4248
4048
3954
3930
3983
4008
4053
3925
4015
4062
3987
4118
3771
3879
4182
3938
4073
3977
3991
4152
4193
3998
4011
4175
4088
3968
4045
4018
3934
3921
4046
4081
3918
3935
4138
3985
4249
3888
3830
4073
3919
3898
4022
4022
3943
3886
4137
4094
4101
3961
3801
4174
4057
4066
3895
4102
4202
3835
4087
3947
4236
4044
4022
4005
4080
4000
4000
3945
4001
4193
4120
4071
3883
4110
3979
4124
4349
4024
4127
4147
3913
4030
4147
4020
3896
3984
4235
4108
4107
4049
4227
4071
4054
3907
4149
3859
4020
4185
4190
3950
3819
3899
3802
4018
4121
4008
3970
4005
4150
3866
3882
4000
4026
3923
4193
3956
3955
3966
4128
3997
4014
4142
4088
3933
4173
4180
4114
4042
4056
4182
3993
3944
4020
4068
4205
4065
4025
4093
3925
3962
4065
4114
3989
4115
4111
3913
4059
4051
4069
4241
4064
4183
3871
3894
4070
4066
4014
4014
3947
4104
3961
4063
4064
3997
4004
3840
4184
4038
4156
3954
4098
3851
3977
4056
3990
4101
4119
4024
3994
3906
4085
4073
3904
3890
4076
4124
4249
3914
4100
3953
3920
3889
3724
4150
4011
3976
4152
4048
4020
3966
4069
4051
4021
4111
3935
4011
4068
3996
4098
3983
3974
4112
4004
3973
3938
3948
4092
4018
3943
4020
4031
4035
4097
4116
4069
4172
3997
3913
4143
4070
4151
3864
4167
4074
4026
3989
3936
3928
3992
4052
3880
3944
3953
3924
4046
4170
3960
3954
4206
3943
3922
4115
4138
4069
3811
4006
3774
3990
3981
4103
4009
4251
4003
3918
3995
4143
3912
4024
3818
4136
3759
4037
4023
4169
4188
4039
4074
3805
3980
3942
4057
3975
3932
4031
4014
4136
4273
4095
4061
4088
3916
3847
4126
3894
4140
4083
3878
3950
3913
4317
3874
4012
4193
4108
4094
4130
3985
3935
3954
4132
4075
4025
4203
3959
3928
3989
4079
3994
3921
4078
3929
4105
4015
4134
4157
3956
4021
4072
3875
3772
4039
4165
3966
4231
3871
3792
3835
3879
4052
4197
3920
4078
4045
4038
4087
3866
4086
4122
4027
4090
4219
4073
4113
4100
3949
3969
4151
4223
3782
4015
4026
4142
3979
3934
3936
4043
3974
4148
3968
3969
3891
3857
4102
4127
3850
3984
3941
3905
4037
3975
4059
4024
4258
4020
4017
4111
4124
4052
4098
4036
3912
3902
4060
4140
3826
4032
4127
4116
4173
4014
4227
3883
3644
4020
4012
3989
3921
3825
4015
3960
3977
3979
3942
4087
3827
4273
3893
4144
4038
4115
4150
4153
4030
3973
3872
4076
4027
3964
4264
3997
4061
4095
3964
4139
3912
4069
3864
4134
3973
4029
3986
4007
3977
4056
4058
4026
3881
4136
4070
4133
3971
3718
4174
4193
4061
3895
4250
4114
4043
4044
3813
4078
3957
3904
3985
4066
4046
4123
3806
4262
4056
4063
4075
4013
4155
4085
4019
3895
4061
3932
4218
4006
4124
4004
4085
3869
3923
4158
4268
3985
3906
4019
3982
3985
4181
3965
3963
4034
4015
3853
4071
3861
3785
4031
4129
4062
3978
4024
3923
3949
4036
3991
4107
3979
4234
3929
4225
3925
4006
3990
4232
3997
3955
4098
3925
4105
4020
4026
3991
4016
4014
4092
4011
4125
3788
4008
3964
3901
4010
4069
4126
4033
4273
3969
3979
4013
4006
3956
4093
4130
3998
4174
4164
3946
4129
4310
3967
4081
4168
3970
4085
4193
4032
4017
4033
4138
3968
3992
4012
3886
4024
4292
4148
4021
4229
3917
4004
4004
4099
3855
4168
4111
3886
4007
4052
4326
4205
3992
4066
4021
3861
3851
4002
4031
3840
4003
3975
3852
4153
3892
3922
4018
3999
4120
3987
4100
3955
3788
4011
4040
4091
3998
3864
4003
3889
3976
