chr	start
1	30052794
1	30056135
1	34436957
1	34440412
1	72126385
1	72126388
1	157716592
1	157717574
1	172612397
1	172615497
1	179296516
1	179300294
1	205413479
1	205416776
1	237795496
1	237796276
2	10383763
2	10387311
2	64628311
2	64629674
2	69031128
2	69034730
2	77949746
2	77950401
2	83407967
2	83408452
2	101277443
2	101278037
2	124678599
2	124680876
2	129385155
2	129388993
2	168652708
2	168655935
2	199543380
2	199544091
2	214420578
2	214423859
2	222111191
2	222113206
2	237535062
2	237535155
2	241122077
2	241123298
2	241123845
3	16408247
3	16408251
3	25377424
3	25377589
3	36204463
3	36204536
3	65614394
3	65614595
3	116454070
3	116454385
3	143685046
3	143688035
3	177335305
3	177335534
3	180171451
3	180172702
4	17484061
4	17485481
4	17487760
4	27294016
4	27297599
4	33323144
4	33324082
4	56144663
4	56147967
4	57918296
4	57918427
4	57918492
4	57920048
4	57920087
4	70457467
4	70457877
4	84567638
4	84569070
4	144655406
4	144655489
4	144655823
4	144658471
4	144658748
4	144659625
4	144661234
4	144662054
4	180499721
4	180502029
5	3881743
5	3882836
5	5110371
5	5110730
5	8023328
5	8023814
5	8023976
5	56988506
5	56991579
5	75125266
5	75126318
5	128312506
5	128314616
5	128635682
5	128640254
5	145362862
5	145363859
6	1490250
6	1490353
6	4400365
6	4401894
6	40733741
6	40736447
6	87623485
6	87625169
6	167716043
6	167717316
6	167718396
7	45253244
7	45257027
7	47800478
7	47802084
7	47802915
7	49671460
7	49672357
7	82043282
7	82044146
7	108040551
7	108043758
7	117396193
7	117399316
7	155049958
7	155051811
8	31397748
8	31401339
8	32745914
8	32748779
8	72535024
8	72536493
8	76522950
8	76523922
8	83147031
8	83147758
8	115795838
8	115797398
8	120146464
8	120147143
8	134404826
8	134405012
9	78335582
9	78337373
9	93566406
9	93570060
9	99546586
9	99550434
9	103854887
9	103858769
9	122904031
9	122905702
9	124688088
9	124688886
10	11682396
10	11682527
10	44433782
10	44434473
10	45222317
10	45223070
10	110370390
10	110370393
10	119026401
10	119026566
10	124424638
10	124426504
11	6558862
11	6561270
11	20571639
11	20573073
11	44015075
11	44015569
11	71004987
11	71006946
11	81489841
11	81492293
11	98027236
11	98028922
11	131544956
11	131548195
11	134294349
11	134294754
12	67295632
12	67295672
12	75980719
12	75981180
12	87047269
12	87048497
12	128748562
12	128748874
12	133179816
12	133182408
13	30282915
13	30283910
13	32721615
13	32721694
13	47471478
13	47471798
13	112313680
13	112313692
14	22321419
14	22322973
14	77134450
14	77137189
14	84244988
14	84246897
14	86147541
14	86148569
14	88804034
14	88805409
15	93158095
15	93158392
15	101036626
15	101037465
16	939565
16	941234
16	8454449
16	8454655
16	20006098
16	20006986
16	81171330
16	81173136
17	11590433
17	11592928
17	14634911
17	14637048
17	41803984
17	41805259
18	54677929
18	54679543
18	57114761
18	57114772
18	58437878
18	58438910
19	8672644
19	8673855
19	14520079
19	14521571
19	48651302
19	48652240
20	5337602
20	5338636
20	5340364
20	16665802
20	16669245
20	52422016
20	52422424
20	61319005
20	61319084
21	22045983
21	22047752
21	42037638
21	42040655
22	45191054
22	45192621
22	47642100
22	47645285